           1           1   4.0822806078730318     
           1           2   28.109284414272466     
           1           3   57.172411448116172     
           1           4   31.702441015377673     
           1           5   11.700156779544894     
           1           6   2.3223915912112907     
           1           7   7.7420662098450707E-012
           1           8  -4.1706703472505133E-012
           1           9  -1.1696096962594052E-011
           1          10   1.4961562996978164E-011
           1          11   2.3892595287390171E-011
           1          12   8.6229560453945657E-012
           1          13  -6.6197729331853329E-012
           1          14  -7.5061782546865122E-012
           1          15  -4.3099741169904534E-012
           1          16   6.1577687699190657E-012
           1          17   6.0070251645801930E-012
           1          18   3.4892613191349283E-012
           1          19  -2.2003002264200397E-012
           1          20  -2.2628869920919649E-012
           1          21  -1.0068943252527619E-012
           1          22  -29.327173100199698     
           1          23   8.4530356787272934E-015
           1          24  -29.327173100199886     
           1          25   5.6516787481626574E-014
           1          26  -7.9953577271305203E-014
           1          27  -29.327173100199872     
           1          28  -12.699389757409369     
           1          29   6.0484343360294124E-014
           1          30  -12.699389757409495     
           1          31  -1.4485125901047286E-013
           1          32   8.7208715399945120E-014
           1          33  -12.699389757409136     
           1          34  -4.4719528992518711     
           1          35  -2.8591149340863613E-014
           1          36  -4.4719528992518685     
           1          37   1.7187932330905641E-013
           1          38   4.5946131103569195E-015
           1          39  -4.4719528992521802     
           2           1   28.109284414272466     
           2           2   385.42262679624815     
           2           3   767.30582161887719     
           2           4   391.34699653761231     
           2           5   241.14495140167750     
           2           6   47.161106489267759     
           2           7   1.8950531031339800E-010
           2           8  -1.2427708776466989E-010
           2           9  -2.7757917873472681E-010
           2          10  -4.3704331744575811E-011
           2          11   3.4369323991177813E-011
           2          12   7.4188013663914949E-011
           2          13  -1.8208001859121856E-010
           2          14   9.6569220576462115E-011
           2          15   2.6409340801299425E-010
           2          16   2.0658328472718418E-010
           2          17  -1.0837925694795632E-010
           2          18  -2.9602271963649455E-010
           2          19  -3.6288578803063410E-011
           2          20   1.6497258502953021E-011
           2          21   4.8761013512634294E-011
           2          22  -405.03875618927009     
           2          23  -8.4425498869845547E-013
           2          24  -405.03875618927140     
           2          25   1.9973577384296603E-012
           2          26   6.0779269702771955E-013
           2          27  -405.03875618927236     
           2          28  -183.10684241356114     
           2          29   1.3752611287621675E-012
           2          30  -183.10684241356734     
           2          31  -2.7531044302198568E-012
           2          32  -1.3096777250835130E-013
           2          33  -183.10684241355642     
           2          34  -77.352667395405163     
           2          35  -1.2271386757880493E-012
           2          36  -77.352667395398740     
           2          37   2.4842603985130338E-012
           2          38  -1.2048018773422628E-012
           2          39  -77.352667395409952     
           3           1   57.172411448116172     
           3           2   767.30582161887719     
           3           3   1556.9529879082986     
           3           4   850.53032232084149     
           3           5   329.44710878894540     
           3           6   65.992919777888815     
           3           7  -2.1516814660263058E-011
           3           8   6.3606880403771924E-012
           3           9   1.3846916309658099E-011
           3          10  -2.7811066450642754E-011
           3          11  -1.3638043796583052E-011
           3          12  -1.0100358217425082E-011
           3          13  -9.1243848052179792E-011
           3          14  -5.2418699779031544E-011
           3          15  -4.5822623768608702E-011
           3          16   1.0238634135121770E-010
           3          17   5.8824565223498284E-011
           3          18   4.8268866533971810E-011
           3          19  -2.1357713846762313E-011
           3          20  -1.2051105501552443E-011
           3          21  -8.3644804387729528E-012
           3          22  -797.94283225301831     
           3          23  -1.8056104900280113E-012
           3          24  -797.94283225302127     
           3          25   3.9174234902389966E-012
           3          26   1.4242572626424286E-012
           3          27  -797.94283225302138     
           3          28  -344.77065002364327     
           3          29   2.6802566978985253E-012
           3          30  -344.77065002365498     
           3          31  -5.3170870849982131E-012
           3          32  -2.3258011218813920E-013
           3          33  -344.77065002363429     
           3          34  -123.97001159885713     
           3          35  -2.5129444550644401E-012
           3          36  -123.97001159884495     
           3          37   4.9065762498365463E-012
           3          38  -1.8821225323586035E-012
           3          39  -123.97001159886655     
           4           1   31.702441015377673     
           4           2   391.34699653761231     
           4           3   850.53032232084149     
           4           4   638.34896377297741     
           4           5  -273.79912544719213     
           4           6  -49.333230453165058     
           4           7  -8.3620291199132550E-011
           4           8   2.0502832647338843E-011
           4           9   3.2645270664249253E-011
           4          10  -8.4691075346186383E-011
           4          11  -8.8420827112214762E-012
           4          12  -2.6222465844415763E-011
           4          13  -3.2831916548676773E-010
           4          14  -2.9041235974239864E-011
           4          15  -1.3191383998781491E-010
           4          16   3.5059818757207550E-010
           4          17   3.2305234249732656E-011
           4          18   1.4264631344851346E-010
           4          19  -6.1715040041454778E-011
           4          20  -5.8902651356438084E-012
           4          21  -2.4303856028440123E-011
           4          22  -371.45811419520544     
           4          23  -1.0028449115298458E-012
           4          24  -371.45811419520703     
           4          25   1.7868181780852625E-012
           4          26   6.3008539890355217E-013
           4          27  -371.45811419520794     
           4          28  -116.76504917062039     
           4          29   1.3240609573132121E-012
           4          30  -116.76504917062640     
           4          31  -2.6225610535963922E-012
           4          32  -2.5892039896945170E-013
           4          33  -116.76504917061463     
           4          34   25.807198550740992     
           4          35  -1.1185078162945705E-012
           4          36   25.807198550747422     
           4          37   2.3057119369850249E-012
           4          38  -6.8002212499859381E-013
           4          39   25.807198550735386     
           5           1   11.700156779544894     
           5           2   241.14495140167750     
           5           3   329.44710878894540     
           5           4  -273.79912544719213     
           5           5   1268.6204225677232     
           5           6   239.14196240368307     
           5           7   6.8217869830422620E-010
           5           8  -3.4706176577284151E-010
           5           9  -7.3724305401752987E-010
           5          10   2.0270221275695734E-010
           5          11   1.1010105817013958E-010
           5          12   1.8340912169793679E-010
           5          13   1.8422835616770663E-010
           5          14   3.3251181037771892E-010
           5          15   1.0126344626341547E-009
           5          16  -1.6302058414509084E-010
           5          17  -3.7104276403899005E-010
           5          18  -1.1207004735748873E-009
           5          19   3.2982569979203680E-011
           5          20   5.8070301294082249E-011
           5          21   1.8426119042408492E-010
           5          22  -340.44836969145263     
           5          23   7.5761869588700668E-013
           5          24  -340.44836969145234     
           5          25   2.8734389964206935E-012
           5          26   1.5742140508983286E-012
           5          27  -340.44836969144899     
           5          28  -263.77322267281033     
           5          29   7.7994003695875027E-013
           5          30  -263.77322267281477     
           5          31  -2.2732441970232097E-012
           5          32  -1.3789952634915337E-015
           5          33  -263.77322267281073     
           5          34  -273.38729307723031     
           5          35  -9.7509409760834255E-013
           5          36  -273.38729307722650     
           5          37   2.1229658364511045E-012
           5          38  -1.6578702279266422E-012
           5          39  -273.38729307723122     
           6           1   2.3223915912112907     
           6           2   47.161106489267759     
           6           3   65.992919777888815     
           6           4  -49.333230453165058     
           6           5   239.14196240368307     
           6           6   45.102385665328882     
           6           7   1.2977977710614429E-010
           6           8  -6.9538804856782028E-011
           6           9  -1.4528756455046108E-010
           6          10   2.2771522820465970E-011
           6          11   1.8393742166626599E-011
           6          12   3.9303066924556691E-011
           6          13   2.1160518333105564E-011
           6          14   6.2195410520385452E-011
           6          15   2.0270431254397273E-010
           6          16  -1.6222591228020730E-011
           6          17  -6.9555579599612502E-011
           6          18  -2.2421099511757750E-010
           6          19   3.4181197952313561E-012
           6          20   1.0839508220160751E-011
           6          21   3.6978877218410464E-011
           6          22  -66.011874017719464     
           6          23   4.1261755870391622E-013
           6          24  -66.011874017719094     
           6          25   7.0891117373035847E-013
           6          26   4.3043499609268492E-013
           6          27  -66.011874017717346     
           6          28  -50.401700270625746     
           6          29   9.2729250524681191E-014
           6          30  -50.401700270626634     
           6          31  -4.6984817656223108E-013
           6          32  -2.5399160272770138E-014
           6          33  -50.401700270626094     
           6          34  -51.673869265518199     
           6          35  -1.7071020934202448E-013
           6          36  -51.673869265517425     
           6          37   4.2506320540152205E-013
           6          38  -2.9288853024851792E-013
           6          39  -51.673869265518249     
           7           1   7.7420662098450707E-012
           7           2   1.8950531031339800E-010
           7           3  -2.1516814660263058E-011
           7           4  -8.3620291199132550E-011
           7           5   6.8217869830422620E-010
           7           6   1.2977977710614429E-010
           7           7   1.9961930017502556     
           7           8  -6.2545232664896764E-012
           7           9  -8.5213459552476580E-012
           7          10   4.3270402450420187E-003
           7          11  -1.7580813974764129E-011
           7          12  -6.3560962049188963E-013
           7          13  0.14404285916237536     
           7          14   1.4359338371126591E-011
           7          15  -1.7336850705041171E-011
           7          16  -6.4234652542676018E-002
           7          17  -4.7140542337729476E-011
           7          18   1.2298224938422997E-010
           7          19   2.0351872210634867E-002
           7          20   6.7703255816290451E-011
           7          21  -4.3688348945469995E-011
           7          22  -1.3140293757351086E-010
           7          23   7.6670176704886059E-011
           7          24  -1.1081225297631678E-010
           7          25   2.1050382782223523E-011
           7          26   1.1283923572352702E-010
           7          27  -2.3255369716294850E-010
           7          28  -1.8624461714896591E-010
           7          29   1.2887420942552270E-011
           7          30  -1.8126618446178966E-010
           7          31  -5.0969960133853477E-012
           7          32  -1.2403760980003070E-011
           7          33  -1.3857683328925459E-010
           7          34  -1.4129439069913659E-010
           7          35   2.3534547864933113E-011
           7          36  -1.3633476217723105E-010
           7          37  -5.0287856172603363E-011
           7          38  -6.2894565422577618E-011
           7          39  -8.3975022356624432E-011
           8           1  -4.1706703472505133E-012
           8           2  -1.2427708776466989E-010
           8           3   6.3606880403771924E-012
           8           4   2.0502832647338843E-011
           8           5  -3.4706176577284151E-010
           8           6  -6.9538804856782028E-011
           8           7  -6.2545232664896764E-012
           8           8   1.9961930017445568     
           8           9   4.3660202948652798E-012
           8          10   1.1731993414948377E-011
           8          11   4.3270402914517550E-003
           8          12  -2.1312988700284458E-011
           8          13  -4.1101458608111618E-011
           8          14  0.14404285909500253     
           8          15   1.6513870349302754E-011
           8          16   1.0386390272149090E-010
           8          17  -6.4234652359180341E-002
           8          18  -8.2451578767642094E-011
           8          19  -2.8477194506573482E-011
           8          20   2.0351872127822229E-002
           8          21   2.8777675961611843E-011
           8          22   7.7917546602411697E-011
           8          23  -4.9347331927715026E-011
           8          24   6.1802766176564484E-011
           8          25  -1.3210754149639380E-011
           8          26  -7.0321133698824900E-011
           8          27   1.3927326716193178E-010
           8          28   1.0403722796838677E-010
           8          29  -8.6585872603077458E-012
           8          30   1.0014306586083894E-010
           8          31   5.5129379957709876E-012
           8          32   9.3349424577623824E-012
           8          33   7.6422314683794990E-011
           8          34   7.1861286322089658E-011
           8          35  -1.4831238347129510E-011
           8          36   7.0865180393644196E-011
           8          37   3.0149721165481328E-011
           8          38   4.0743861982955504E-011
           8          39   3.4144684595701925E-011
           9           1  -1.1696096962594052E-011
           9           2  -2.7757917873472681E-010
           9           3   1.3846916309658099E-011
           9           4   3.2645270664249253E-011
           9           5  -7.3724305401752987E-010
           9           6  -1.4528756455046108E-010
           9           7  -8.5213459552476580E-012
           9           8   4.3660202948652798E-012
           9           9   1.9961930017454015     
           9          10   6.2665688610464999E-011
           9          11   2.7962362243382792E-011
           9          12   4.3270402329622613E-003
           9          13  -7.0247686140280537E-011
           9          14  -2.6381328328483513E-011
           9          15  0.14404285912263182     
           9          16   2.0270106426689880E-010
           9          17   6.7434122088402454E-011
           9          18  -6.4234652548734630E-002
           9          19  -5.9740241833278519E-011
           9          20  -9.3295246961916585E-011
           9          21   2.0351872230499498E-002
           9          22   1.6749149753037093E-010
           9          23  -1.0738945655199194E-010
           9          24   1.3407030478131924E-010
           9          25  -2.7400373646492545E-011
           9          26  -1.5404145999339931E-010
           9          27   2.9997548792287561E-010
           9          28   2.2660564916467085E-010
           9          29  -1.8555351743947373E-011
           9          30   2.1884465302720587E-010
           9          31   1.3053950421537187E-011
           9          32   1.9865350431239438E-011
           9          33   1.6653255752742581E-010
           9          34   1.5069978073074341E-010
           9          35  -3.1184086528281964E-011
           9          36   1.4719032799195843E-010
           9          37   6.2663802338831691E-011
           9          38   8.9654099220725601E-011
           9          39   6.9205612426600034E-011
          10           1   1.4961562996978164E-011
          10           2  -4.3704331744575811E-011
          10           3  -2.7811066450642754E-011
          10           4  -8.4691075346186383E-011
          10           5   2.0270221275695734E-010
          10           6   2.2771522820465970E-011
          10           7   4.3270402450420187E-003
          10           8   1.1731993414948377E-011
          10           9   6.2665688610464999E-011
          10          10   2.2201371059439818     
          10          11  -2.0231455399739075E-012
          10          12  -1.9492629732547429E-011
          10          13   1.9102023817302547     
          10          14  -2.5294377703499977E-011
          10          15  -5.6640026002703872E-011
          10          16  -2.0288970127060129     
          10          17   6.1357308123190566E-011
          10          18   2.1474266809213524E-011
          10          19  0.39931808962071780     
          10          20  -4.0901846146136876E-011
          10          21   2.0550783297320975E-012
          10          22   7.3689089349807615E-011
          10          23  -4.8476417646943017E-012
          10          24  -5.2988255167315939E-011
          10          25   2.8456183113665161E-011
          10          26  -1.0885438490002279E-011
          10          27   9.4483163810116751E-013
          10          28  -5.1246878147599690E-011
          10          29  -1.7588627648240686E-011
          10          30  -5.8692573459201975E-012
          10          31   1.2270489486377022E-011
          10          32   1.3622816535483665E-011
          10          33  -3.2645476300330666E-011
          10          34  -2.0393665803733761E-011
          10          35   9.3928219611024766E-013
          10          36  -4.1657572665688095E-011
          10          37   2.1712391900054351E-011
          10          38   3.7114080271611017E-012
          10          39  -6.1912091030710703E-011
          11           1   2.3892595287390171E-011
          11           2   3.4369323991177813E-011
          11           3  -1.3638043796583052E-011
          11           4  -8.8420827112214762E-012
          11           5   1.1010105817013958E-010
          11           6   1.8393742166626599E-011
          11           7  -1.7580813974764129E-011
          11           8   4.3270402914517550E-003
          11           9   2.7962362243382792E-011
          11          10  -2.0231455399739075E-012
          11          11   2.2201371059184605     
          11          12  -1.7929026319087143E-012
          11          13   3.7180862555428259E-011
          11          14   1.9102023816875588     
          11          15  -3.2701338165138245E-011
          11          16  -5.6758694966225701E-011
          11          17  -2.0288970127136583     
          11          18   5.3769648455945756E-011
          11          19   1.2539545790610195E-011
          11          20  0.39931808964477161     
          11          21  -1.2842513510969946E-011
          11          22  -1.2198692689637167E-011
          11          23   1.8219276671999686E-011
          11          24  -1.7247702167256977E-011
          11          25   6.2213788100825869E-012
          11          26   1.8830779499163406E-011
          11          27  -3.7457097686096717E-011
          11          28  -3.5672093801285922E-011
          11          29   3.3282550120028853E-014
          11          30  -3.2827372326051223E-011
          11          31  -1.2685773745947788E-012
          11          32  -1.2161180697452459E-012
          11          33  -2.2732763145991084E-011
          11          34  -2.0040994075631348E-011
          11          35   4.5059362036529418E-012
          11          36  -1.8088913267045110E-011
          11          37  -6.1115394621719293E-012
          11          38  -1.2353837623217063E-011
          11          39  -1.2822054168056689E-011
          12           1   8.6229560453945657E-012
          12           2   7.4188013663914949E-011
          12           3  -1.0100358217425082E-011
          12           4  -2.6222465844415763E-011
          12           5   1.8340912169793679E-010
          12           6   3.9303066924556691E-011
          12           7  -6.3560962049188963E-013
          12           8  -2.1312988700284458E-011
          12           9   4.3270402329622613E-003
          12          10  -1.9492629732547429E-011
          12          11  -1.7929026319087143E-012
          12          12   2.2201371059484827     
          12          13  -7.0442540689498878E-012
          12          14   2.0254669469417503E-011
          12          15   1.9102023817324101     
          12          16  -4.2079117967825168E-011
          12          17  -4.5060129238989385E-011
          12          18  -2.0288970127143342     
          12          19   1.7944409846927130E-011
          12          20   3.6697320529576322E-011
          12          21  0.39931808962944099     
          12          22  -7.0784454202331065E-011
          12          23   2.5505416872745916E-011
          12          24  -1.1507386903512869E-011
          12          25  -8.3291791276883036E-012
          12          26   3.2370241585312320E-011
          12          27  -7.0126024493975279E-011
          12          28  -4.1442980794022382E-011
          12          29   8.1550727201962801E-012
          12          30  -5.9637334399027700E-011
          12          31  -5.4299394755005435E-012
          12          32  -8.0414776518111415E-012
          12          33  -3.2353864155699358E-011
          12          34  -4.4965616162977125E-011
          12          35   8.0018352032007829E-012
          12          36  -3.4128714627439678E-011
          12          37  -2.4470517045880773E-011
          12          38  -1.8213559020004646E-011
          12          39  -1.4419239223942918E-011
          13           1  -6.6197729331853329E-012
          13           2  -1.8208001859121856E-010
          13           3  -9.1243848052179792E-011
          13           4  -3.2831916548676773E-010
          13           5   1.8422835616770663E-010
          13           6   2.1160518333105564E-011
          13           7  0.14404285916237536     
          13           8  -4.1101458608111618E-011
          13           9  -7.0247686140280537E-011
          13          10   1.9102023817302547     
          13          11   3.7180862555428259E-011
          13          12  -7.0442540689498878E-012
          13          13   15.800886780004129     
          13          14   2.3150648065251931E-011
          13          15   9.5652818998821790E-011
          13          16  -16.951331176909623     
          13          17  -2.7266341962053627E-011
          13          18  -1.9235346648827751E-010
          13          19   2.8151895888611933     
          13          20  -2.0275928505618142E-011
          13          21   5.3638288255442487E-011
          13          22  -8.2782584739148197E-012
          13          23  -8.2979281147667894E-011
          13          24   6.5094506546238859E-011
          13          25  -3.0172343969724123E-011
          13          26  -1.1658675544094931E-010
          13          27   1.8069180730208097E-010
          13          28   9.9103565022084219E-011
          13          29  -7.8597040366282260E-012
          13          30   8.4928519978896745E-011
          13          31   5.3677517953624824E-012
          13          32   1.3050777019995572E-011
          13          33   1.8495535074990147E-011
          13          34  -4.4905106300102634E-011
          13          35  -1.6738421016524475E-011
          13          36  -5.9695369353646757E-011
          13          37   8.9587982375004980E-012
          13          38   7.1635079435239258E-011
          13          39  -5.7304935462101888E-011
          14           1  -7.5061782546865122E-012
          14           2   9.6569220576462115E-011
          14           3  -5.2418699779031544E-011
          14           4  -2.9041235974239864E-011
          14           5   3.3251181037771892E-010
          14           6   6.2195410520385452E-011
          14           7   1.4359338371126591E-011
          14           8  0.14404285909500253     
          14           9  -2.6381328328483513E-011
          14          10  -2.5294377703499977E-011
          14          11   1.9102023816875588     
          14          12   2.0254669469417503E-011
          14          13   2.3150648065251931E-011
          14          14   15.800886780135544     
          14          15   4.3266362714849853E-012
          14          16  -9.0686347320471189E-011
          14          17  -16.951331177149417     
          14          18   5.9719885286960386E-011
          14          19   2.9701210241265009E-011
          14          20   2.8151895889582934     
          14          21  -2.3275679994493281E-011
          14          22  -5.9275055194215542E-011
          14          23   4.3235945611130655E-011
          14          24  -2.4009467372372154E-011
          14          25   6.9704569258279569E-012
          14          26   6.8589463595599858E-011
          14          27  -1.0782507440857955E-010
          14          28  -9.9192503261137429E-011
          14          29   6.1589265692514190E-012
          14          30  -1.1071672411664365E-010
          14          31  -8.5689500961948406E-012
          14          32  -1.0644114672670366E-011
          14          33  -6.5397315029236682E-011
          14          34  -6.9298025354881071E-011
          14          35   1.4797395210624226E-011
          14          36  -5.5766786566330354E-011
          14          37  -2.3914800574259810E-011
          14          38  -3.6700762601753986E-011
          14          39  -3.7635559976994700E-011
          15           1  -4.3099741169904534E-012
          15           2   2.6409340801299425E-010
          15           3  -4.5822623768608702E-011
          15           4  -1.3191383998781491E-010
          15           5   1.0126344626341547E-009
          15           6   2.0270431254397273E-010
          15           7  -1.7336850705041171E-011
          15           8   1.6513870349302754E-011
          15           9  0.14404285912263182     
          15          10  -5.6640026002703872E-011
          15          11  -3.2701338165138245E-011
          15          12   1.9102023817324101     
          15          13   9.5652818998821790E-011
          15          14   4.3266362714849853E-012
          15          15   15.800886780068591     
          15          16  -2.3234802970507185E-010
          15          17  -3.3222098683179007E-011
          15          18  -16.951331176921446     
          15          19   6.2157681779417234E-011
          15          20   7.0737984914083257E-011
          15          21   2.8151895888569318     
          15          22  -1.6233053978200340E-010
          15          23   1.1182578188891782E-010
          15          24  -1.5561608341527762E-010
          15          25   4.1646366454384943E-011
          15          26   1.5929737959211090E-010
          15          27  -3.2718592423608054E-010
          15          28  -2.8614441856592095E-010
          15          29   4.3439632341103393E-012
          15          30  -2.8062318825787383E-010
          15          31  -8.6666553528923072E-012
          15          32  -1.3359805171676939E-011
          15          33  -1.9115412141671922E-010
          15          34  -2.0808016660181275E-010
          15          35   3.8954108586411315E-011
          15          36  -1.9390759877819325E-010
          15          37  -5.1564922553724071E-011
          15          38  -8.7352621055985311E-011
          15          39  -1.5849307393875169E-010
          16           1   6.1577687699190657E-012
          16           2   2.0658328472718418E-010
          16           3   1.0238634135121770E-010
          16           4   3.5059818757207550E-010
          16           5  -1.6302058414509084E-010
          16           6  -1.6222591228020730E-011
          16           7  -6.4234652542676018E-002
          16           8   1.0386390272149090E-010
          16           9   2.0270106426689880E-010
          16          10  -2.0288970127060129     
          16          11  -5.6758694966225701E-011
          16          12  -4.2079117967825168E-011
          16          13  -16.951331176909623     
          16          14  -9.0686347320471189E-011
          16          15  -2.3234802970507185E-010
          16          16   18.189846464531847     
          16          17   1.0147895024294457E-010
          16          18   3.5545466570142305E-010
          16          19  -3.0197790565959433     
          16          20   1.2244674024717728E-011
          16          21  -8.3752962898309924E-011
          16          22   1.7581806289695763E-013
          16          23   9.2634350441016550E-011
          16          24  -7.8238865556063123E-011
          16          25   3.3888174083005834E-011
          16          26   1.3069209285759706E-010
          16          27  -2.0712004832841035E-010
          16          28  -1.1658673164440928E-010
          16          29   8.8335749440993531E-012
          16          30  -1.0082743797531248E-010
          16          31  -5.9147876562909363E-012
          16          32  -1.4530950163724059E-011
          16          33  -2.7851703925232729E-011
          16          34   4.0989915053301116E-011
          16          35   1.9066293948464061E-011
          16          36   5.6952282245642909E-011
          16          37  -1.1658904165455638E-011
          16          38  -7.9748378040664344E-011
          16          39   5.6567212748723570E-011
          17           1   6.0070251645801930E-012
          17           2  -1.0837925694795632E-010
          17           3   5.8824565223498284E-011
          17           4   3.2305234249732656E-011
          17           5  -3.7104276403899005E-010
          17           6  -6.9555579599612502E-011
          17           7  -4.7140542337729476E-011
          17           8  -6.4234652359180341E-002
          17           9   6.7434122088402454E-011
          17          10   6.1357308123190566E-011
          17          11  -2.0288970127136583     
          17          12  -4.5060129238989385E-011
          17          13  -2.7266341962053627E-011
          17          14  -16.951331177149417     
          17          15  -3.3222098683179007E-011
          17          16   1.0147895024294457E-010
          17          17   18.189846464904367     
          17          18  -3.4688564520814753E-011
          17          19  -3.2158338492131104E-011
          17          20  -3.0197790567222964     
          17          21   2.0362658607885117E-011
          17          22   6.6001353825026974E-011
          17          23  -4.8694559469777490E-011
          17          24   2.7310974246948659E-011
          17          25  -7.9237693598536403E-012
          17          26  -7.6494638154326610E-011
          17          27   1.2091910506500557E-010
          17          28   1.1065952027122499E-010
          17          29  -6.9688817530623037E-012
          17          30   1.2289867295003220E-010
          17          31   9.4227232719236967E-012
          17          32   1.1806162533603845E-011
          17          33   7.3181073443998039E-011
          17          34   7.7254342453875092E-011
          17          35  -1.6540830533963118E-011
          17          36   6.2689330583043896E-011
          17          37   2.7007072207952164E-011
          17          38   4.1167955872281079E-011
          17          39   4.1619324871614239E-011
          18           1   3.4892613191349283E-012
          18           2  -2.9602271963649455E-010
          18           3   4.8268866533971810E-011
          18           4   1.4264631344851346E-010
          18           5  -1.1207004735748873E-009
          18           6  -2.2421099511757750E-010
          18           7   1.2298224938422997E-010
          18           8  -8.2451578767642094E-011
          18           9  -6.4234652548734630E-002
          18          10   2.1474266809213524E-011
          18          11   5.3769648455945756E-011
          18          12  -2.0288970127143342     
          18          13  -1.9235346648827751E-010
          18          14   5.9719885286960386E-011
          18          15  -16.951331176921446     
          18          16   3.5545466570142305E-010
          18          17  -3.4688564520814753E-011
          18          18   18.189846464478311     
          18          19  -8.5882329026177512E-011
          18          20  -6.7764410402460998E-011
          18          21  -3.0197790565800768     
          18          22   1.8078535403379777E-010
          18          23  -1.2429550380948481E-010
          18          24   1.7465115572878103E-010
          18          25  -4.5844787153624550E-011
          18          26  -1.7737918470571442E-010
          18          27   3.6590605496559077E-010
          18          28   3.1797067130243933E-010
          18          29  -5.5207319067216058E-012
          18          30   3.1107492032759955E-010
          18          31   9.7969678514763594E-012
          18          32   1.5079879410480064E-011
          18          33   2.1285676530176230E-010
          18          34   2.3011508166525375E-010
          18          35  -4.3146551739341858E-011
          18          36   2.1500800345818085E-010
          18          37   5.8008760196232829E-011
          18          38   9.7768348679212649E-011
          18          39   1.7362785017854749E-010
          19           1  -2.2003002264200397E-012
          19           2  -3.6288578803063410E-011
          19           3  -2.1357713846762313E-011
          19           4  -6.1715040041454778E-011
          19           5   3.2982569979203680E-011
          19           6   3.4181197952313561E-012
          19           7   2.0351872210634867E-002
          19           8  -2.8477194506573482E-011
          19           9  -5.9740241833278519E-011
          19          10  0.39931808962071780     
          19          11   1.2539545790610195E-011
          19          12   1.7944409846927130E-011
          19          13   2.8151895888611933     
          19          14   2.9701210241265009E-011
          19          15   6.2157681779417234E-011
          19          16  -3.0197790565959433     
          19          17  -3.2158338492131104E-011
          19          18  -8.5882329026177512E-011
          19          19  0.50333377595263429     
          19          20  -6.9083194026304775E-014
          19          21   1.8463966466875509E-011
          19          22   4.8668301593239191E-012
          19          23  -1.5109506787430473E-011
          19          24   1.2490082572785257E-011
          19          25  -4.7775865119131663E-012
          19          26  -2.1379035429224253E-011
          19          27   3.4552420675346907E-011
          19          28   1.7640888743676260E-011
          19          29  -1.8641233247499009E-012
          19          30   1.6792806652354464E-011
          19          31   1.3774801950731614E-012
          19          32   2.8027449054202866E-012
          19          33   4.2986539266929430E-012
          19          34  -7.1239306619552538E-012
          19          35  -2.9771580409629115E-012
          19          36  -1.0465416634548634E-011
          19          37   2.3065024050391743E-012
          19          38   1.2737667281575379E-011
          19          39  -1.0779256955853521E-011
          20           1  -2.2628869920919649E-012
          20           2   1.6497258502953021E-011
          20           3  -1.2051105501552443E-011
          20           4  -5.8902651356438084E-012
          20           5   5.8070301294082249E-011
          20           6   1.0839508220160751E-011
          20           7   6.7703255816290451E-011
          20           8   2.0351872127822229E-002
          20           9  -9.3295246961916585E-011
          20          10  -4.0901846146136876E-011
          20          11  0.39931808964477161     
          20          12   3.6697320529576322E-011
          20          13  -2.0275928505618142E-011
          20          14   2.8151895889582934     
          20          15   7.0737984914083257E-011
          20          16   1.2244674024717728E-011
          20          17  -3.0197790567222964     
          20          18  -6.7764410402460998E-011
          20          19  -6.9083194026304775E-014
          20          20  0.50333377598478424     
          20          21   9.0836918065565739E-012
          20          22  -9.2676303111825751E-012
          20          23   8.2163087922750704E-012
          20          24  -2.5536759776550423E-012
          20          25   1.4685570300081071E-012
          20          26   1.2856066884519892E-011
          20          27  -1.8474695180335272E-011
          20          28  -1.7290260246218285E-011
          20          29   1.0966185039219476E-012
          20          30  -1.9350381423604533E-011
          20          31  -1.5547381501689929E-012
          20          32  -1.9491795179342177E-012
          20          33  -1.0973986474357223E-011
          20          34  -1.1955340244496375E-011
          20          35   2.7543095266061145E-012
          20          36  -9.4762263259958134E-012
          20          37  -4.4283058855078043E-012
          20          38  -6.8623673615939267E-012
          20          39  -6.1055023709092279E-012
          21           1  -1.0068943252527619E-012
          21           2   4.8761013512634294E-011
          21           3  -8.3644804387729528E-012
          21           4  -2.4303856028440123E-011
          21           5   1.8426119042408492E-010
          21           6   3.6978877218410464E-011
          21           7  -4.3688348945469995E-011
          21           8   2.8777675961611843E-011
          21           9   2.0351872230499498E-002
          21          10   2.0550783297320975E-012
          21          11  -1.2842513510969946E-011
          21          12  0.39931808962944099     
          21          13   5.3638288255442487E-011
          21          14  -2.3275679994493281E-011
          21          15   2.8151895888569318     
          21          16  -8.3752962898309924E-011
          21          17   2.0362658607885117E-011
          21          18  -3.0197790565800768     
          21          19   1.8463966466875509E-011
          21          20   9.0836918065565739E-012
          21          21  0.50333377594953788     
          21          22  -3.0295069205047920E-011
          21          23   2.0299748257756006E-011
          21          24  -2.7940042417678247E-011
          21          25   6.9796463645393512E-012
          21          26   2.9033007194217723E-011
          21          27  -6.0202135331118739E-011
          21          28  -5.1775289361290696E-011
          21          29   1.0984824728144874E-012
          21          30  -5.1191510617166433E-011
          21          31  -1.6823652339236898E-012
          21          32  -2.5943244634999300E-012
          21          33  -3.4598276948014939E-011
          21          34  -3.8031906052648610E-011
          21          35   7.0949492897383032E-012
          21          36  -3.5282815304203570E-011
          21          37  -9.8929496228332973E-012
          21          38  -1.6023572478412002E-011
          21          39  -2.8335960099995024E-011
          22           1  -29.327173100199698     
          22           2  -405.03875618927009     
          22           3  -797.94283225301831     
          22           4  -371.45811419520544     
          22           5  -340.44836969145263     
          22           6  -66.011874017719464     
          22           7  -1.3140293757351086E-010
          22           8   7.7917546602411697E-011
          22           9   1.6749149753037093E-010
          22          10   7.3689089349807615E-011
          22          11  -1.2198692689637167E-011
          22          12  -7.0784454202331065E-011
          22          13  -8.2782584739148197E-012
          22          14  -5.9275055194215542E-011
          22          15  -1.6233053978200340E-010
          22          16   1.7581806289695763E-013
          22          17   6.6001353825026974E-011
          22          18   1.8078535403379777E-010
          22          19   4.8668301593239191E-012
          22          20  -9.2676303111825751E-012
          22          21  -3.0295069205047920E-011
          22          22   434.94357020956272     
          22          23  0.30499597593668881     
          22          24   433.00579321776183     
          22          25  0.24988039938555504     
          22          26  0.19635692866900140     
          22          27   432.97591359407664     
          22          28   203.89835964594613     
          22          29  -6.4933345011885704E-002
          22          30   204.31091047249120     
          22          31  -5.3199292661650271E-002
          22          32  -4.1804198089631761E-002
          22          33   204.31727181514509     
          22          34   99.025204812401000     
          22          35   2.5712104962181084E-002
          22          36   98.861844213121145     
          22          37   2.1065691232933170E-002
          22          38   1.6553496959264086E-002
          22          39   98.859325268355036     
          23           1   8.4530356787272934E-015
          23           2  -8.4425498869845547E-013
          23           3  -1.8056104900280113E-012
          23           4  -1.0028449115298458E-012
          23           5   7.5761869588700668E-013
          23           6   4.1261755870391622E-013
          23           7   7.6670176704886059E-011
          23           8  -4.9347331927715026E-011
          23           9  -1.0738945655199194E-010
          23          10  -4.8476417646943017E-012
          23          11   1.8219276671999686E-011
          23          12   2.5505416872745916E-011
          23          13  -8.2979281147667894E-011
          23          14   4.3235945611130655E-011
          23          15   1.1182578188891782E-010
          23          16   9.2634350441016550E-011
          23          17  -4.8694559469777490E-011
          23          18  -1.2429550380948481E-010
          23          19  -1.5109506787430473E-011
          23          20   8.2163087922750704E-012
          23          21   2.0299748257756006E-011
          23          22  0.30499597593668881     
          23          23   1.8674947164455000     
          23          24  0.14638492789390736     
          23          25   5.8382764992946909E-002
          23          26  -4.1593267613830032E-002
          23          27 -0.45138090382827589     
          23          28  -6.4933345010965912E-002
          23          29 -0.39758779884797979     
          23          30  -3.1165207993904584E-002
          23          31  -1.2429633572152987E-002
          23          32   8.8551659993544238E-003
          23          33   9.6098553005234316E-002
          23          34   2.5712104961404646E-002
          23          35  0.15743558588631537     
          23          36   1.2340702591779627E-002
          23          37   4.9218478267157332E-003
          23          38  -3.5064412219459398E-003
          23          39  -3.8052807554046164E-002
          24           1  -29.327173100199886     
          24           2  -405.03875618927140     
          24           3  -797.94283225302127     
          24           4  -371.45811419520703     
          24           5  -340.44836969145234     
          24           6  -66.011874017719094     
          24           7  -1.1081225297631678E-010
          24           8   6.1802766176564484E-011
          24           9   1.3407030478131924E-010
          24          10  -5.2988255167315939E-011
          24          11  -1.7247702167256977E-011
          24          12  -1.1507386903512869E-011
          24          13   6.5094506546238859E-011
          24          14  -2.4009467372372154E-011
          24          15  -1.5561608341527762E-010
          24          16  -7.8238865556063123E-011
          24          17   2.7310974246948659E-011
          24          18   1.7465115572878103E-010
          24          19   1.2490082572785257E-011
          24          20  -2.5536759776550423E-012
          24          21  -2.7940042417678247E-011
          24          22   433.00579321776183     
          24          23  0.14638492789390736     
          24          24   434.95243954548727     
          24          25 -0.29930329068350847     
          24          26 -0.29682207759725443     
          24          27   432.96704425815676     
          24          28   204.31091047248603     
          24          29  -3.1165207995825096E-002
          24          30   203.89647137300955     
          24          31   6.3721377891285291E-002
          24          32   6.3193130048571314E-002
          24          33   204.31916008808753     
          24          34   98.861844213127114     
          24          35   1.2340702593637440E-002
          24          36   99.025952524869865     
          24          37  -2.5232193974930869E-002
          24          38  -2.5023020026298592E-002
          24          39   98.858577555879776     
          25           1   5.6516787481626574E-014
          25           2   1.9973577384296603E-012
          25           3   3.9174234902389966E-012
          25           4   1.7868181780852625E-012
          25           5   2.8734389964206935E-012
          25           6   7.0891117373035847E-013
          25           7   2.1050382782223523E-011
          25           8  -1.3210754149639380E-011
          25           9  -2.7400373646492545E-011
          25          10   2.8456183113665161E-011
          25          11   6.2213788100825869E-012
          25          12  -8.3291791276883036E-012
          25          13  -3.0172343969724123E-011
          25          14   6.9704569258279569E-012
          25          15   4.1646366454384943E-011
          25          16   3.3888174083005834E-011
          25          17  -7.9237693598536403E-012
          25          18  -4.5844787153624550E-011
          25          19  -4.7775865119131663E-012
          25          20   1.4685570300081071E-012
          25          21   6.9796463645393512E-012
          25          22  0.24988039938555504     
          25          23   5.8382764992946909E-002
          25          24 -0.29930329068350847     
          25          25   1.5236669152695093     
          25          26  0.41618863249927729     
          25          27   4.9422891291228753E-002
          25          28  -5.3199292664999440E-002
          25          29  -1.2429633572763677E-002
          25          30   6.3721377886300654E-002
          25          31 -0.32438719621750894     
          25          32  -8.8606152854770470E-002
          25          33  -1.0522085225723482E-002
          25          34   2.1065691234035813E-002
          25          35   4.9218478272670656E-003
          25          36  -2.5232193972181988E-002
          25          37  0.12844983784317726     
          25          38   3.5085990134034011E-002
          25          39   4.1665027359628825E-003
          26           1  -7.9953577271305203E-014
          26           2   6.0779269702771955E-013
          26           3   1.4242572626424286E-012
          26           4   6.3008539890355217E-013
          26           5   1.5742140508983286E-012
          26           6   4.3043499609268492E-013
          26           7   1.1283923572352702E-010
          26           8  -7.0321133698824900E-011
          26           9  -1.5404145999339931E-010
          26          10  -1.0885438490002279E-011
          26          11   1.8830779499163406E-011
          26          12   3.2370241585312320E-011
          26          13  -1.1658675544094931E-010
          26          14   6.8589463595599858E-011
          26          15   1.5929737959211090E-010
          26          16   1.3069209285759706E-010
          26          17  -7.6494638154326610E-011
          26          18  -1.7737918470571442E-010
          26          19  -2.1379035429224253E-011
          26          20   1.2856066884519892E-011
          26          21   2.9033007194217723E-011
          26          22  0.19635692866900140     
          26          23  -4.1593267613830032E-002
          26          24 -0.29682207759725443     
          26          25  0.41618863249927729     
          26          26   1.4631929086013020     
          26          27  0.10046514892585096     
          26          28  -4.1804198090903508E-002
          26          29   8.8551659993326530E-003
          26          30   6.3193130047919682E-002
          26          31  -8.8606152854537087E-002
          26          32 -0.31151233933745970     
          26          33  -2.1388931959426948E-002
          26          34   1.6553496957860105E-002
          26          35  -3.5064412218568219E-003
          26          36  -2.5023020027659000E-002
          26          37   3.5085990133906036E-002
          26          38  0.12335169186888618     
          26          39   8.4695230687716824E-003
          27           1  -29.327173100199872     
          27           2  -405.03875618927236     
          27           3  -797.94283225302138     
          27           4  -371.45811419520794     
          27           5  -340.44836969144899     
          27           6  -66.011874017717346     
          27           7  -2.3255369716294850E-010
          27           8   1.3927326716193178E-010
          27           9   2.9997548792287561E-010
          27          10   9.4483163810116751E-013
          27          11  -3.7457097686096717E-011
          27          12  -7.0126024493975279E-011
          27          13   1.8069180730208097E-010
          27          14  -1.0782507440857955E-010
          27          15  -3.2718592423608054E-010
          27          16  -2.0712004832841035E-010
          27          17   1.2091910506500557E-010
          27          18   3.6590605496559077E-010
          27          19   3.4552420675346907E-011
          27          20  -1.8474695180335272E-011
          27          21  -6.0202135331118739E-011
          27          22   432.97591359407664     
          27          23 -0.45138090382827589     
          27          24   432.96704425815676     
          27          25   4.9422891291228753E-002
          27          26  0.10046514892585096     
          27          27   434.98231916917189     
          27          28   204.31727181514799     
          27          29   9.6098553003469173E-002
          27          30   204.31916008809827     
          27          31  -1.0522085220955884E-002
          27          32  -2.1388931958640771E-002
          27          33   203.89011003033423     
          27          34   98.859325268349536     
          27          35  -3.8052807551801439E-002
          27          36   98.858577555867200     
          27          37   4.1665027340025114E-003
          27          38   8.4695230706182782E-003
          27          39   99.028471469657035     
          28           1  -12.699389757409369     
          28           2  -183.10684241356114     
          28           3  -344.77065002364327     
          28           4  -116.76504917062039     
          28           5  -263.77322267281033     
          28           6  -50.401700270625746     
          28           7  -1.8624461714896591E-010
          28           8   1.0403722796838677E-010
          28           9   2.2660564916467085E-010
          28          10  -5.1246878147599690E-011
          28          11  -3.5672093801285922E-011
          28          12  -4.1442980794022382E-011
          28          13   9.9103565022084219E-011
          28          14  -9.9192503261137429E-011
          28          15  -2.8614441856592095E-010
          28          16  -1.1658673164440928E-010
          28          17   1.1065952027122499E-010
          28          18   3.1797067130243933E-010
          28          19   1.7640888743676260E-011
          28          20  -1.7290260246218285E-011
          28          21  -5.1775289361290696E-011
          28          22   203.89835964594613     
          28          23  -6.4933345010965912E-002
          28          24   204.31091047248603     
          28          25  -5.3199292664999440E-002
          28          26  -4.1804198090903508E-002
          28          27   204.31727181514799     
          28          28   106.98771721861698     
          28          29   1.3824245651644022E-002
          28          30   106.89988555109676     
          28          31   1.1326077384410443E-002
          28          32   8.9000728917644090E-003
          28          33   106.89853122745973     
          28          34   66.771159044705186     
          28          35  -5.4740820008419471E-003
          28          36   66.805938356531868     
          28          37  -4.4848650645200727E-003
          28          38  -3.5242233135359749E-003
          28          39   66.806474637416500     
          29           1   6.0484343360294124E-014
          29           2   1.3752611287621675E-012
          29           3   2.6802566978985253E-012
          29           4   1.3240609573132121E-012
          29           5   7.7994003695875027E-013
          29           6   9.2729250524681191E-014
          29           7   1.2887420942552270E-011
          29           8  -8.6585872603077458E-012
          29           9  -1.8555351743947373E-011
          29          10  -1.7588627648240686E-011
          29          11   3.3282550120028853E-014
          29          12   8.1550727201962801E-012
          29          13  -7.8597040366282260E-012
          29          14   6.1589265692514190E-012
          29          15   4.3439632341103393E-012
          29          16   8.8335749440993531E-012
          29          17  -6.9688817530623037E-012
          29          18  -5.5207319067216058E-012
          29          19  -1.8641233247499009E-012
          29          20   1.0966185039219476E-012
          29          21   1.0984824728144874E-012
          29          22  -6.4933345011885704E-002
          29          23 -0.39758779884797979     
          29          24  -3.1165207995825096E-002
          29          25  -1.2429633572763677E-002
          29          26   8.8551659993326530E-003
          29          27   9.6098553003469173E-002
          29          28   1.3824245651644022E-002
          29          29   8.4646053560813325E-002
          29          30   6.6350423039574849E-003
          29          31   2.6462568322046351E-003
          29          32  -1.8852561814560751E-003
          29          33  -2.0459287957449925E-002
          29          34  -5.4740820017888294E-003
          29          35  -3.3517882273863424E-002
          29          36  -2.6273235137383201E-003
          29          37  -1.0478565890870443E-003
          29          38   7.4651790706892597E-004
          29          39   8.1014055148798704E-003
          30           1  -12.699389757409495     
          30           2  -183.10684241356734     
          30           3  -344.77065002365498     
          30           4  -116.76504917062640     
          30           5  -263.77322267281477     
          30           6  -50.401700270626634     
          30           7  -1.8126618446178966E-010
          30           8   1.0014306586083894E-010
          30           9   2.1884465302720587E-010
          30          10  -5.8692573459201975E-012
          30          11  -3.2827372326051223E-011
          30          12  -5.9637334399027700E-011
          30          13   8.4928519978896745E-011
          30          14  -1.1071672411664365E-010
          30          15  -2.8062318825787383E-010
          30          16  -1.0082743797531248E-010
          30          17   1.2289867295003220E-010
          30          18   3.1107492032759955E-010
          30          19   1.6792806652354464E-011
          30          20  -1.9350381423604533E-011
          30          21  -5.1191510617166433E-011
          30          22   204.31091047249120     
          30          23  -3.1165207993904584E-002
          30          24   203.89647137300955     
          30          25   6.3721377886300654E-002
          30          26   6.3193130047919682E-002
          30          27   204.31916008809827     
          30          28   106.89988555109676     
          30          29   6.6350423039574849E-003
          30          30   106.98811923008580     
          30          31  -1.3566219035823241E-002
          30          32  -1.3453755588669260E-002
          30          33   106.89812921599997     
          30          34   66.805938356536203     
          30          35  -2.6273235129372977E-003
          30          36   66.770999857448800     
          30          37   5.3719094200423458E-003
          30          38   5.3273764937066138E-003
          30          39   66.806633824672588     
          31           1  -1.4485125901047286E-013
          31           2  -2.7531044302198568E-012
          31           3  -5.3170870849982131E-012
          31           4  -2.6225610535963922E-012
          31           5  -2.2732441970232097E-012
          31           6  -4.6984817656223108E-013
          31           7  -5.0969960133853477E-012
          31           8   5.5129379957709876E-012
          31           9   1.3053950421537187E-011
          31          10   1.2270489486377022E-011
          31          11  -1.2685773745947788E-012
          31          12  -5.4299394755005435E-012
          31          13   5.3677517953624824E-012
          31          14  -8.5689500961948406E-012
          31          15  -8.6666553528923072E-012
          31          16  -5.9147876562909363E-012
          31          17   9.4227232719236967E-012
          31          18   9.7969678514763594E-012
          31          19   1.3774801950731614E-012
          31          20  -1.5547381501689929E-012
          31          21  -1.6823652339236898E-012
          31          22  -5.3199292661650271E-002
          31          23  -1.2429633572152987E-002
          31          24   6.3721377891285291E-002
          31          25 -0.32438719621750894     
          31          26  -8.8606152854537087E-002
          31          27  -1.0522085220955884E-002
          31          28   1.1326077384410443E-002
          31          29   2.6462568322046351E-003
          31          30  -1.3566219035823241E-002
          31          31   6.9061716845931417E-002
          31          32   1.8864163291908032E-002
          31          33   2.2401416557347965E-003
          31          34  -4.4848650624858145E-003
          31          35  -1.0478565891529387E-003
          31          36   5.3719094218639971E-003
          31          37  -2.7346844861543589E-002
          31          38  -7.4697729877915278E-003
          31          39  -8.8704435740009642E-004
          32           1   8.7208715399945120E-014
          32           2  -1.3096777250835130E-013
          32           3  -2.3258011218813920E-013
          32           4  -2.5892039896945170E-013
          32           5  -1.3789952634915337E-015
          32           6  -2.5399160272770138E-014
          32           7  -1.2403760980003070E-011
          32           8   9.3349424577623824E-012
          32           9   1.9865350431239438E-011
          32          10   1.3622816535483665E-011
          32          11  -1.2161180697452459E-012
          32          12  -8.0414776518111415E-012
          32          13   1.3050777019995572E-011
          32          14  -1.0644114672670366E-011
          32          15  -1.3359805171676939E-011
          32          16  -1.4530950163724059E-011
          32          17   1.1806162533603845E-011
          32          18   1.5079879410480064E-011
          32          19   2.8027449054202866E-012
          32          20  -1.9491795179342177E-012
          32          21  -2.5943244634999300E-012
          32          22  -4.1804198089631761E-002
          32          23   8.8551659993544238E-003
          32          24   6.3193130048571314E-002
          32          25  -8.8606152854770470E-002
          32          26 -0.31151233933745970     
          32          27  -2.1388931958640771E-002
          32          28   8.9000728917644090E-003
          32          29  -1.8852561814560751E-003
          32          30  -1.3453755588669260E-002
          32          31   1.8864163291908032E-002
          32          32   6.6320672406934511E-002
          32          33   4.5536826972610890E-003
          32          34  -3.5242233141758884E-003
          32          35   7.4651790705178734E-004
          32          36   5.3273764930051471E-003
          32          37  -7.4697729877839575E-003
          32          38  -2.6261454569269396E-002
          32          39  -1.8031531788235307E-003
          33           1  -12.699389757409136     
          33           2  -183.10684241355642     
          33           3  -344.77065002363429     
          33           4  -116.76504917061463     
          33           5  -263.77322267281073     
          33           6  -50.401700270626094     
          33           7  -1.3857683328925459E-010
          33           8   7.6422314683794990E-011
          33           9   1.6653255752742581E-010
          33          10  -3.2645476300330666E-011
          33          11  -2.2732763145991084E-011
          33          12  -3.2353864155699358E-011
          33          13   1.8495535074990147E-011
          33          14  -6.5397315029236682E-011
          33          15  -1.9115412141671922E-010
          33          16  -2.7851703925232729E-011
          33          17   7.3181073443998039E-011
          33          18   2.1285676530176230E-010
          33          19   4.2986539266929430E-012
          33          20  -1.0973986474357223E-011
          33          21  -3.4598276948014939E-011
          33          22   204.31727181514509     
          33          23   9.6098553005234316E-002
          33          24   204.31916008808753     
          33          25  -1.0522085225723482E-002
          33          26  -2.1388931959426948E-002
          33          27   203.89011003033423     
          33          28   106.89853122745973     
          33          29  -2.0459287957449925E-002
          33          30   106.89812921599997     
          33          31   2.2401416557347965E-003
          33          32   4.5536826972610890E-003
          33          33   106.98947355370908     
          33          34   66.806474637414468     
          33          35   8.1014055155854171E-003
          33          36   66.806633824666207     
          33          37  -8.8704435937132147E-004
          33          38  -1.8031531782369144E-003
          33          39   66.770463576572411     
          34           1  -4.4719528992518711     
          34           2  -77.352667395405163     
          34           3  -123.97001159885713     
          34           4   25.807198550740992     
          34           5  -273.38729307723031     
          34           6  -51.673869265518199     
          34           7  -1.4129439069913659E-010
          34           8   7.1861286322089658E-011
          34           9   1.5069978073074341E-010
          34          10  -2.0393665803733761E-011
          34          11  -2.0040994075631348E-011
          34          12  -4.4965616162977125E-011
          34          13  -4.4905106300102634E-011
          34          14  -6.9298025354881071E-011
          34          15  -2.0808016660181275E-010
          34          16   4.0989915053301116E-011
          34          17   7.7254342453875092E-011
          34          18   2.3011508166525375E-010
          34          19  -7.1239306619552538E-012
          34          20  -1.1955340244496375E-011
          34          21  -3.8031906052648610E-011
          34          22   99.025204812401000     
          34          23   2.5712104961404646E-002
          34          24   98.861844213127114     
          34          25   2.1065691234035813E-002
          34          26   1.6553496957860105E-002
          34          27   98.859325268349536     
          34          28   66.771159044705186     
          34          29  -5.4740820017888294E-003
          34          30   66.805938356536203     
          34          31  -4.4848650624858145E-003
          34          32  -3.5242233141758884E-003
          34          33   66.806474637414468     
          34          34   60.831456733912006     
          34          35   2.1676100466383455E-003
          34          36   60.817684929669142     
          34          37   1.7759029845870588E-003
          34          38   1.3955110394144839E-003
          34          39   60.817472574828116     
          35           1  -2.8591149340863613E-014
          35           2  -1.2271386757880493E-012
          35           3  -2.5129444550644401E-012
          35           4  -1.1185078162945705E-012
          35           5  -9.7509409760834255E-013
          35           6  -1.7071020934202448E-013
          35           7   2.3534547864933113E-011
          35           8  -1.4831238347129510E-011
          35           9  -3.1184086528281964E-011
          35          10   9.3928219611024766E-013
          35          11   4.5059362036529418E-012
          35          12   8.0018352032007829E-012
          35          13  -1.6738421016524475E-011
          35          14   1.4797395210624226E-011
          35          15   3.8954108586411315E-011
          35          16   1.9066293948464061E-011
          35          17  -1.6540830533963118E-011
          35          18  -4.3146551739341858E-011
          35          19  -2.9771580409629115E-012
          35          20   2.7543095266061145E-012
          35          21   7.0949492897383032E-012
          35          22   2.5712104962181084E-002
          35          23  0.15743558588631537     
          35          24   1.2340702593637440E-002
          35          25   4.9218478272670656E-003
          35          26  -3.5064412218568219E-003
          35          27  -3.8052807551801439E-002
          35          28  -5.4740820008419471E-003
          35          29  -3.3517882273863424E-002
          35          30  -2.6273235129372977E-003
          35          31  -1.0478565891529387E-003
          35          32   7.4651790705178734E-004
          35          33   8.1014055155854171E-003
          35          34   2.1676100466383455E-003
          35          35   1.3272307270857400E-002
          35          36   1.0403594324962038E-003
          35          37   4.1492700859554143E-004
          35          38  -2.9560385004618033E-004
          35          39  -3.2079694783108056E-003
          36           1  -4.4719528992518685     
          36           2  -77.352667395398740     
          36           3  -123.97001159884495     
          36           4   25.807198550747422     
          36           5  -273.38729307722650     
          36           6  -51.673869265517425     
          36           7  -1.3633476217723105E-010
          36           8   7.0865180393644196E-011
          36           9   1.4719032799195843E-010
          36          10  -4.1657572665688095E-011
          36          11  -1.8088913267045110E-011
          36          12  -3.4128714627439678E-011
          36          13  -5.9695369353646757E-011
          36          14  -5.5766786566330354E-011
          36          15  -1.9390759877819325E-010
          36          16   5.6952282245642909E-011
          36          17   6.2689330583043896E-011
          36          18   2.1500800345818085E-010
          36          19  -1.0465416634548634E-011
          36          20  -9.4762263259958134E-012
          36          21  -3.5282815304203570E-011
          36          22   98.861844213121145     
          36          23   1.2340702591779627E-002
          36          24   99.025952524869865     
          36          25  -2.5232193972181988E-002
          36          26  -2.5023020027659000E-002
          36          27   98.858577555867200     
          36          28   66.805938356531868     
          36          29  -2.6273235137383201E-003
          36          30   66.770999857448800     
          36          31   5.3719094218639971E-003
          36          32   5.3273764930051471E-003
          36          33   66.806633824666207     
          36          34   60.817684929669142     
          36          35   1.0403594324962038E-003
          36          36   60.831519768385917     
          36          37  -2.1271520649443296E-003
          36          38  -2.1095180528330811E-003
          36          39   60.817409540350440     
          37           1   1.7187932330905641E-013
          37           2   2.4842603985130338E-012
          37           3   4.9065762498365463E-012
          37           4   2.3057119369850249E-012
          37           5   2.1229658364511045E-012
          37           6   4.2506320540152205E-013
          37           7  -5.0287856172603363E-011
          37           8   3.0149721165481328E-011
          37           9   6.2663802338831691E-011
          37          10   2.1712391900054351E-011
          37          11  -6.1115394621719293E-012
          37          12  -2.4470517045880773E-011
          37          13   8.9587982375004980E-012
          37          14  -2.3914800574259810E-011
          37          15  -5.1564922553724071E-011
          37          16  -1.1658904165455638E-011
          37          17   2.7007072207952164E-011
          37          18   5.8008760196232829E-011
          37          19   2.3065024050391743E-012
          37          20  -4.4283058855078043E-012
          37          21  -9.8929496228332973E-012
          37          22   2.1065691232933170E-002
          37          23   4.9218478267157332E-003
          37          24  -2.5232193974930869E-002
          37          25  0.12844983784317726     
          37          26   3.5085990133906036E-002
          37          27   4.1665027340025114E-003
          37          28  -4.4848650645200727E-003
          37          29  -1.0478565890870443E-003
          37          30   5.3719094200423458E-003
          37          31  -2.7346844861543589E-002
          37          32  -7.4697729877839575E-003
          37          33  -8.8704435937132147E-004
          37          34   1.7759029845870588E-003
          37          35   4.1492700859554143E-004
          37          36  -2.1271520649443296E-003
          37          37   1.0828718978268353E-002
          37          38   2.9578575856061586E-003
          37          39   3.5124907851578674E-004
          38           1   4.5946131103569195E-015
          38           2  -1.2048018773422628E-012
          38           3  -1.8821225323586035E-012
          38           4  -6.8002212499859381E-013
          38           5  -1.6578702279266422E-012
          38           6  -2.9288853024851792E-013
          38           7  -6.2894565422577618E-011
          38           8   4.0743861982955504E-011
          38           9   8.9654099220725601E-011
          38          10   3.7114080271611017E-012
          38          11  -1.2353837623217063E-011
          38          12  -1.8213559020004646E-011
          38          13   7.1635079435239258E-011
          38          14  -3.6700762601753986E-011
          38          15  -8.7352621055985311E-011
          38          16  -7.9748378040664344E-011
          38          17   4.1167955872281079E-011
          38          18   9.7768348679212649E-011
          38          19   1.2737667281575379E-011
          38          20  -6.8623673615939267E-012
          38          21  -1.6023572478412002E-011
          38          22   1.6553496959264086E-002
          38          23  -3.5064412219459398E-003
          38          24  -2.5023020026298592E-002
          38          25   3.5085990134034011E-002
          38          26  0.12335169186888618     
          38          27   8.4695230706182782E-003
          38          28  -3.5242233135359749E-003
          38          29   7.4651790706892597E-004
          38          30   5.3273764937066138E-003
          38          31  -7.4697729877915278E-003
          38          32  -2.6261454569269396E-002
          38          33  -1.8031531782369144E-003
          38          34   1.3955110394144839E-003
          38          35  -2.9560385004618033E-004
          38          36  -2.1095180528330811E-003
          38          37   2.9578575856061586E-003
          38          38   1.0398929490070867E-002
          38          39   7.1400701465939675E-004
          39           1  -4.4719528992521802     
          39           2  -77.352667395409952     
          39           3  -123.97001159886655     
          39           4   25.807198550735386     
          39           5  -273.38729307723122     
          39           6  -51.673869265518249     
          39           7  -8.3975022356624432E-011
          39           8   3.4144684595701925E-011
          39           9   6.9205612426600034E-011
          39          10  -6.1912091030710703E-011
          39          11  -1.2822054168056689E-011
          39          12  -1.4419239223942918E-011
          39          13  -5.7304935462101888E-011
          39          14  -3.7635559976994700E-011
          39          15  -1.5849307393875169E-010
          39          16   5.6567212748723570E-011
          39          17   4.1619324871614239E-011
          39          18   1.7362785017854749E-010
          39          19  -1.0779256955853521E-011
          39          20  -6.1055023709092279E-012
          39          21  -2.8335960099995024E-011
          39          22   98.859325268355036     
          39          23  -3.8052807554046164E-002
          39          24   98.858577555879776     
          39          25   4.1665027359628825E-003
          39          26   8.4695230687716824E-003
          39          27   99.028471469657035     
          39          28   66.806474637416500     
          39          29   8.1014055148798704E-003
          39          30   66.806633824672588     
          39          31  -8.8704435740009642E-004
          39          32  -1.8031531788235307E-003
          39          33   66.770463576572411     
          39          34   60.817472574828116     
          39          35  -3.2079694783108056E-003
          39          36   60.817409540350440     
          39          37   3.5124907851578674E-004
          39          38   7.1400701465939675E-004
          39          39   60.831732123232143     
