           1           1   6.2079439664669307     
           1           2   48.821531688401961     
           1           3   98.255014519325485     
           1           4   59.559502527443108     
           1           5  -41.870545978116091     
           1           6  -2.8210700821161612     
           1           7  -3.6829328319206372E-011
           1           8   9.7681709040954711E-012
           1           9   4.3021510902002233E-012
           1          10  -5.4330305271037150E-011
           1          11   2.5973135360987505E-011
           1          12   9.3072541903386188E-012
           1          13  -2.1103835691597011E-010
           1          14   5.1573487519968388E-011
           1          15   3.0566004806153253E-011
           1          16   2.2348594553021199E-010
           1          17  -5.5643310646730476E-011
           1          18  -3.2601043693530414E-011
           1          19  -4.2565182957690965E-011
           1          20   9.9422134960572370E-012
           1          21   6.0372737407059932E-012
           1          22  -41.592134895213505     
           1          23  -2.0362950578713194E-014
           1          24  -41.592134895213320     
           1          25   4.5965751137758692E-014
           1          26   4.2519538566803565E-014
           1          27  -41.592134895213164     
           1          28  -7.6184263328189878     
           1          29  -1.3978655827217315E-013
           1          30  -7.6184263328190545     
           1          31   9.4766819146141312E-014
           1          32   1.6038726399974342E-013
           1          33  -7.6184263328194426     
           1          34   4.5871513817625615     
           1          35   2.0749106557003931E-013
           1          36   4.5871513817631913     
           1          37  -9.0346560757325681E-014
           1          38  -1.8641913658549886E-013
           1          39   4.5871513817629692     
           2           1   48.821531688401961     
           2           2   596.33908495681874     
           2           3   1138.3044469956037     
           2           4   554.38527240216581     
           2           5  -118.00606997881239     
           2           6  -15.413718190956754     
           2           7  -8.0566551761298151E-011
           2           8   2.0593797581614164E-011
           2           9   7.8869950097668141E-012
           2          10  -9.8526781578765199E-011
           2          11   3.5196890473243186E-011
           2          12   3.7481023555209739E-011
           2          13  -3.5572633693145513E-010
           2          14   1.3505548670244050E-010
           2          15   1.0097114190299221E-010
           2          16   3.7745143584362730E-010
           2          17  -1.4310561095445400E-010
           2          18  -1.0792032968784182E-010
           2          19  -7.0940146153409003E-011
           2          20   2.6202075271898274E-011
           2          21   2.1126211628654292E-011
           2          22  -538.38881811141653     
           2          23  -6.2782522718988396E-013
           2          24  -538.38881811141596     
           2          25  -6.5054607026459289E-013
           2          26   4.2812431538324871E-013
           2          27  -538.38881811141584     
           2          28  -129.19784912187126     
           2          29   5.2375055821400171E-013
           2          30  -129.19784912187191     
           2          31   4.8139888516726496E-013
           2          32   1.1006895858171511E-012
           2          33  -129.19784912187262     
           2          34  -11.779874204936725     
           2          35  -3.4219902140051638E-013
           2          36  -11.779874204935568     
           2          37  -5.3181802677425134E-013
           2          38  -1.1938396370606408E-012
           2          39  -11.779874204935544     
           3           1   98.255014519325485     
           3           2   1138.3044469956037     
           3           3   2283.9119986311448     
           3           4   1365.4262610497519     
           3           5  -942.23644313483089     
           3           6  -63.396225751385472     
           3           7  -3.5097148218706788E-011
           3           8  -3.4257420042998959E-012
           3           9  -1.4293945908438599E-011
           3          10  -7.3214208702995610E-011
           3          11  -1.2472691054951467E-011
           3          12  -2.9059220943030036E-011
           3          13  -2.5733182729557617E-010
           3          14  -3.4383498513669614E-011
           3          15  -8.9082459922033112E-011
           3          16   2.7225067093278620E-010
           3          17   3.8041455591558924E-011
           3          18   9.3362169328331023E-011
           3          19  -5.1342181589502083E-011
           3          20  -7.0950537969094314E-012
           3          21  -1.6542691344597780E-011
           3          22  -969.76727115883307     
           3          23   4.7317585484008937E-013
           3          24  -969.76727115883284     
           3          25  -4.3597956479839270E-013
           3          26  -3.0819679829285782E-014
           3          27  -969.76727115883330     
           3          28  -178.07718302070685     
           3          29  -1.4373091478385333E-013
           3          30  -178.07718302070754     
           3          31   4.0691668545586223E-013
           3          32   1.7749066767616688E-012
           3          33  -178.07718302070907     
           3          34   101.12600852602790     
           3          35   6.8384165885814242E-014
           3          36   101.12600852603022     
           3          37  -4.0684818136633226E-013
           3          38  -1.8134016767213139E-012
           3          39   101.12600852603043     
           4           1   59.559502527443108     
           4           2   554.38527240216581     
           4           3   1365.4262610497519     
           4           4   1428.4170918884340     
           4           5  -2237.0566381696440     
           4           6  -115.98521929846156     
           4           7   4.9363807499484604E-012
           4           8  -6.0238588216063831E-011
           4           9  -8.5193722099932008E-011
           4          10   1.5133033542950158E-011
           4          11  -9.4143669614725814E-011
           4          12  -1.3324203653961237E-010
           4          13   6.1128962883807531E-011
           4          14  -3.4929188940671787E-010
           4          15  -4.7861841031982142E-010
           4          16  -6.5215444797494589E-011
           4          17   3.7088824246822693E-010
           4          18   5.0685672133839262E-010
           4          19   1.2373396790159856E-011
           4          20  -7.0030998848976418E-011
           4          21  -9.5186680138248485E-011
           4          22  -320.48982873857636     
           4          23   1.9997877129781531E-013
           4          24  -320.48982873857631     
           4          25  -2.8611782090253605E-013
           4          26  -2.1574628196725401E-013
           4          27  -320.48982873857636     
           4          28   82.190916377994910     
           4          29  -4.3191215291559952E-013
           4          30   82.190916377993872     
           4          31   9.6721906584275586E-014
           4          32   7.6532321338597531E-013
           4          33   82.190916377993588     
           4          34   356.40632940117155     
           4          35   1.8960893810353259E-013
           4          36   356.40632940117388     
           4          37  -1.7032710325844698E-013
           4          38  -9.8120415376749858E-013
           4          39   356.40632940117331     
           5           1  -41.870545978116091     
           5           2  -118.00606997881239     
           5           3  -942.23644313483089     
           5           4  -2237.0566381696440     
           5           5   4980.6035570800932     
           5           6   239.87509086301895     
           5           7  -2.1701472179266328E-010
           5           8   1.8932430383988384E-010
           5           9   2.4183201711154164E-010
           5          10  -3.5351806918867563E-010
           5          11   2.7774655435013688E-010
           5          12   4.0361031856506156E-010
           5          13  -1.4790828810705843E-009
           5          14   1.0802931758729882E-009
           5          15   1.4528492257418993E-009
           5          16   1.5728699094607605E-009
           5          17  -1.1467584194226861E-009
           5          18  -1.5406062393780339E-009
           5          19  -2.9441606962205339E-010
           5          20   2.1395954327759683E-010
           5          21   2.9043428379700441E-010
           5          22  -312.58693644749269     
           5          23  -2.0948868703536061E-012
           5          24  -312.58693644749150     
           5          25  -7.4027044733374464E-013
           5          26   1.0538970452116113E-012
           5          27  -312.58693644748973     
           5          28  -445.94759029314071     
           5          29   2.1468586022492309E-012
           5          30  -445.94759029313980     
           5          31   8.2789609964991429E-013
           5          32   5.5693600872070465E-013
           5          33  -445.94759029314076     
           5          34  -853.67194332324095     
           5          35  -1.1297570026436483E-012
           5          36  -853.67194332324402     
           5          37  -7.6377131236937719E-013
           5          38  -2.2262797108538080E-013
           5          39  -853.67194332324277     
           6           1  -2.8210700821161612     
           6           2  -15.413718190956754     
           6           3  -63.396225751385472     
           6           4  -115.98521929846156     
           6           5   239.87509086301895     
           6           6   11.723484609801856     
           6           7  -8.9627932010210356E-011
           6           8   3.4945037110226247E-011
           6           9   7.7914522784919175E-012
           6          10  -1.2739400285401824E-010
           6          11   5.5641498765929976E-011
           6          12   1.5400711955183549E-011
           6          13  -5.4661983142343968E-010
           6          14   2.1144275171395392E-010
           6          15   4.1182609383383009E-011
           6          16   5.7998664391631432E-010
           6          17  -2.2433222468522239E-010
           6          18  -4.3614614546218662E-011
           6          19  -1.0875569890352759E-010
           6          20   4.2266399574076201E-011
           6          21   8.3569383931046862E-012
           6          22  -6.2072837973132637     
           6          23  -2.2010075176710559E-014
           6          24  -6.2072837973130781     
           6          25   4.3542240216434103E-014
           6          26  -1.4065518257042211E-013
           6          27  -6.2072837973131749     
           6          28  -19.171323667794084     
           6          29   6.1488987586566637E-014
           6          30  -19.171323667794038     
           6          31   5.2259972251636459E-015
           6          32   3.7478352720562283E-014
           6          33  -19.171323667794045     
           6          34  -40.597078328950865     
           6          35  -2.9437333382820016E-014
           6          36  -40.597078328951021     
           6          37  -3.1458728392511204E-015
           6          38   7.9336350394646721E-015
           6          39  -40.597078328950957     
           7           1  -3.6829328319206372E-011
           7           2  -8.0566551761298151E-011
           7           3  -3.5097148218706788E-011
           7           4   4.9363807499484604E-012
           7           5  -2.1701472179266328E-010
           7           6  -8.9627932010210356E-011
           7           7   1.9966616043065899     
           7           8  -3.1632593625644295E-011
           7           9   1.5214146565850774E-011
           7          10   6.3591147466054571E-003
           7          11  -1.4533015329360141E-010
           7          12   2.5133629899531464E-010
           7          13  0.14102253103081644     
           7          14   1.5760446767096363E-011
           7          15   4.8607486091696025E-011
           7          16  -6.7824416676434102E-002
           7          17   2.1715180001383796E-011
           7          18  -8.0930664947403515E-011
           7          19   2.6570503448427738E-002
           7          20  -2.5443057600008791E-011
           7          21   2.1344588423121272E-011
           7          22   4.2562744128551538E-011
           7          23  -4.8347730739566270E-011
           7          24   5.1981752717064780E-011
           7          25   1.3488707295583433E-011
           7          26  -9.5673345392680489E-012
           7          27   5.5608429986289049E-011
           7          28   6.1404812396375270E-011
           7          29   1.0181391536296095E-011
           7          30   3.9558585022343054E-011
           7          31   2.4859935468584614E-011
           7          32  -1.9060287601118614E-011
           7          33   5.1926501501883111E-011
           7          34   9.9439751313194891E-011
           7          35   1.6048615786097735E-011
           7          36   6.3845828045653804E-011
           7          37  -2.2358365152640450E-011
           7          38   1.2271263052881505E-011
           7          39   5.4273621791313215E-011
           8           1   9.7681709040954711E-012
           8           2   2.0593797581614164E-011
           8           3  -3.4257420042998959E-012
           8           4  -6.0238588216063831E-011
           8           5   1.8932430383988384E-010
           8           6   3.4945037110226247E-011
           8           7  -3.1632593625644295E-011
           8           8   1.9966616042616756     
           8           9   2.0488752025292357E-012
           8          10   6.2359058888823956E-012
           8          11   6.3591145679268209E-003
           8          12   1.9190546721169800E-011
           8          13  -1.1394797258535114E-010
           8          14  0.14102253100077841     
           8          15  -5.2270588031534090E-011
           8          16   1.1322540214437108E-010
           8          17  -6.7824416657387268E-002
           8          18   6.1955745221665616E-011
           8          19  -2.1414898283487243E-011
           8          20   2.6570503477806366E-002
           8          21  -2.6304655285566860E-011
           8          22  -3.3191004925600308E-011
           8          23   1.8080307573602954E-011
           8          24  -3.0600565983056795E-011
           8          25   3.4474893608081482E-012
           8          26  -1.4330456616468565E-012
           8          27  -2.4627687383747425E-011
           8          28  -2.0040248329899158E-011
           8          29   4.6233715048099716E-012
           8          30  -1.6983903669548335E-011
           8          31  -6.9602958417208613E-012
           8          32   6.1518097299166885E-012
           8          33  -2.0734459021433146E-011
           8          34  -6.4177858500766247E-011
           8          35  -1.4218278931802959E-011
           8          36  -4.5452535706908427E-011
           8          37   5.5578001402069906E-012
           8          38  -2.5503678682828533E-012
           8          39  -3.3348559426446840E-011
           9           1   4.3021510902002233E-012
           9           2   7.8869950097668141E-012
           9           3  -1.4293945908438599E-011
           9           4  -8.5193722099932008E-011
           9           5   2.4183201711154164E-010
           9           6   7.7914522784919175E-012
           9           7   1.5214146565850774E-011
           9           8   2.0488752025292357E-012
           9           9   1.9966616043064431     
           9          10   3.0925411537147758E-011
           9          11  -2.2307646181663664E-011
           9          12   6.3591146855127290E-003
           9          13  -1.3080660166143074E-010
           9          14   7.2846523951896303E-011
           9          15  0.14102253106128718     
           9          16   1.4296382133683368E-010
           9          17  -7.0751479328000670E-011
           9          18  -6.7824416719943131E-002
           9          19  -4.0109354206009383E-011
           9          20   2.0669395014993655E-011
           9          21   2.6570503466419867E-002
           9          22  -4.5761802213010160E-011
           9          23   4.3348851519496513E-012
           9          24  -3.1740364203416167E-011
           9          25   2.5948378953148170E-012
           9          26   9.0699286942999000E-012
           9          27  -1.5574905557398562E-011
           9          28  -1.7322751529853653E-011
           9          29   1.3816425179053590E-011
           9          30  -2.2637088728334721E-011
           9          31   2.1743334956809916E-012
           9          32  -1.5188634727375495E-011
           9          33  -2.2784516364322098E-011
           9          34  -5.9137729381411071E-011
           9          35  -1.7209126124033165E-011
           9          36  -4.7197643112236162E-011
           9          37  -2.7577960780916788E-012
           9          38   8.8085731794286952E-012
           9          39  -2.8160326179745850E-011
          10           1  -5.4330305271037150E-011
          10           2  -9.8526781578765199E-011
          10           3  -7.3214208702995610E-011
          10           4   1.5133033542950158E-011
          10           5  -3.5351806918867563E-010
          10           6  -1.2739400285401824E-010
          10           7   6.3591147466054571E-003
          10           8   6.2359058888823956E-012
          10           9   3.0925411537147758E-011
          10          10   2.2220055961952228     
          10          11   2.1799978489058118E-011
          10          12  -8.2539530765729830E-012
          10          13   1.6688389666266503     
          10          14   8.0547624126127395E-011
          10          15   1.0576872710999215E-010
          10          16  -1.7801892768694967     
          10          17  -5.2802345829052268E-011
          10          18  -1.1085654616494259E-010
          10          19  0.39483838014361561     
          10          20  -3.8097986571061394E-011
          10          21   4.8054463186453796E-011
          10          22   3.6524613401487000E-011
          10          23  -1.2647680498272955E-010
          10          24   7.1812428804369764E-011
          10          25   6.2600930764356700E-011
          10          26  -6.9373413932874340E-011
          10          27   1.3391870688500506E-010
          10          28   1.0283947196602298E-010
          10          29   3.3597768658589781E-011
          10          30   6.2556370428264374E-011
          10          31   1.4550603297188224E-011
          10          32  -2.9216161044591508E-011
          10          33   6.0958938952566675E-011
          10          34   1.5021875816968927E-010
          10          35   1.7895663363212327E-011
          10          36   1.0855180821420258E-010
          10          37  -1.7847579981861613E-011
          10          38   1.4418633937818974E-011
          10          39   9.1552465679508301E-011
          11           1   2.5973135360987505E-011
          11           2   3.5196890473243186E-011
          11           3  -1.2472691054951467E-011
          11           4  -9.4143669614725814E-011
          11           5   2.7774655435013688E-010
          11           6   5.5641498765929976E-011
          11           7  -1.4533015329360141E-010
          11           8   6.3591145679268209E-003
          11           9  -2.2307646181663664E-011
          11          10   2.1799978489058118E-011
          11          11   2.2220055962756686     
          11          12   2.2878504646333889E-012
          11          13  -8.8717089230517580E-012
          11          14   1.6688389666978793     
          11          15   7.0728284340407599E-012
          11          16   4.5159154193882599E-012
          11          17  -1.7801892770068490     
          11          18   1.3802334275502948E-011
          11          19   1.2826857631601261E-012
          11          20  0.39483838020011902     
          11          21  -2.5620422450245351E-011
          11          22  -3.8130687398481688E-011
          11          23   5.0564029237124710E-012
          11          24  -3.8431020341397922E-011
          11          25   1.4502305764631274E-011
          11          26  -2.4744984898768117E-011
          11          27  -4.3787005290951540E-011
          11          28  -2.7742056283860211E-011
          11          29   1.3641729133490985E-011
          11          30  -2.2003987413332422E-011
          11          31  -1.5764555872715356E-011
          11          32   1.4035200137871077E-011
          11          33  -3.0594773416771032E-011
          11          34  -9.8960829486418215E-011
          11          35  -3.0535314997460758E-011
          11          36  -6.8341084920461524E-011
          11          37   1.1077239078152347E-011
          11          38  -8.4352655016622413E-012
          11          39  -4.6455491370814634E-011
          12           1   9.3072541903386188E-012
          12           2   3.7481023555209739E-011
          12           3  -2.9059220943030036E-011
          12           4  -1.3324203653961237E-010
          12           5   4.0361031856506156E-010
          12           6   1.5400711955183549E-011
          12           7   2.5133629899531464E-010
          12           8   1.9190546721169800E-011
          12           9   6.3591146855127290E-003
          12          10  -8.2539530765729830E-012
          12          11   2.2878504646333889E-012
          12          12   2.2220055962362157     
          12          13  -4.4701464751992477E-011
          12          14   1.8302859228217850E-012
          12          15   1.6688389666470762     
          12          16   6.0026317250102619E-011
          12          17   1.4292594885389553E-011
          12          18  -1.7801892769270906     
          12          19  -2.5163759964640862E-011
          12          20   5.8404149572155102E-013
          12          21  0.39483838015966355     
          12          22  -9.4974870131047578E-011
          12          23   3.2528221154185177E-011
          12          24  -7.7417548538679488E-011
          12          25  -1.0606862088472299E-011
          12          26   3.3492216685874161E-011
          12          27   1.3272638843836402E-013
          12          28  -2.8510244348713871E-011
          12          29   1.9855369764419145E-011
          12          30  -3.6007356258330327E-011
          12          31   5.5511518267635129E-014
          12          32  -3.6013956924694734E-011
          12          33  -4.9491799090789838E-011
          12          34  -9.7440318074827861E-011
          12          35  -1.6789117844140143E-011
          12          36  -7.8312056388296386E-011
          12          37   7.9508806371509711E-013
          12          38   1.8277108770640218E-011
          12          39  -4.3007281479585699E-011
          13           1  -2.1103835691597011E-010
          13           2  -3.5572633693145513E-010
          13           3  -2.5733182729557617E-010
          13           4   6.1128962883807531E-011
          13           5  -1.4790828810705843E-009
          13           6  -5.4661983142343968E-010
          13           7  0.14102253103081644     
          13           8  -1.1394797258535114E-010
          13           9  -1.3080660166143074E-010
          13          10   1.6688389666266503     
          13          11  -8.8717089230517580E-012
          13          12  -4.4701464751992477E-011
          13          13   12.157365849958445     
          13          14   1.0185097210069383E-010
          13          15   1.0861311849933198E-012
          13          16  -12.976969270608034     
          13          17   3.8779229827310604E-011
          13          18  -3.3246960740033094E-011
          13          19   2.3794364941127024     
          13          20  -1.7540113458891465E-010
          13          21   1.1638393027091408E-010
          13          22   3.1976529941628188E-010
          13          23  -2.3469789250211008E-010
          13          24   3.4060350345485468E-010
          13          25  -6.7727691483808156E-011
          13          26   4.1497041629142106E-011
          13          27   2.8380763590634706E-010
          13          28   3.6403028652987562E-010
          13          29   4.7549263165956918E-011
          13          30   2.8295191481809920E-010
          13          31   1.8364646700916533E-010
          13          32  -1.1347267963889908E-010
          13          33   3.6910779629283618E-010
          13          34   6.4417261616788300E-010
          13          35   9.9810812820142707E-011
          13          36   4.2619573166388413E-010
          13          37  -1.2661797805560549E-010
          13          38   6.6658399111296588E-011
          13          39   3.4738705462546662E-010
          14           1   5.1573487519968388E-011
          14           2   1.3505548670244050E-010
          14           3  -3.4383498513669614E-011
          14           4  -3.4929188940671787E-010
          14           5   1.0802931758729882E-009
          14           6   2.1144275171395392E-010
          14           7   1.5760446767096363E-011
          14           8  0.14102253100077841     
          14           9   7.2846523951896303E-011
          14          10   8.0547624126127395E-011
          14          11   1.6688389666978793     
          14          12   1.8302859228217850E-012
          14          13   1.0185097210069383E-010
          14          14   12.157365849896951     
          14          15  -3.0879493406742988E-011
          14          16  -1.4091550148975991E-010
          14          17  -12.976969270703078     
          14          18   8.6902915419350535E-011
          14          19   3.3880714206402729E-011
          14          20   2.3794364942707866     
          14          21  -7.7304867368566018E-011
          14          22  -1.9710028788645908E-010
          14          23   1.3152770003485964E-010
          14          24  -1.8306480888777885E-010
          14          25  -1.9972548864295836E-012
          14          26   3.2027328056662389E-011
          14          27  -1.2192639120283857E-010
          14          28  -1.1532271039549535E-010
          14          29   2.8661404062040152E-011
          14          30  -9.0903606107678163E-011
          14          31  -3.9292740945804225E-011
          14          32   1.5291145016923936E-011
          14          33  -1.1538237380144854E-010
          14          34  -3.6865543070406290E-010
          14          35  -7.7380025903578617E-011
          14          36  -2.6571099996963577E-010
          14          37   3.4941396841074548E-011
          14          38  -8.9367419824446296E-012
          14          39  -1.9317501041924114E-010
          15           1   3.0566004806153253E-011
          15           2   1.0097114190299221E-010
          15           3  -8.9082459922033112E-011
          15           4  -4.7861841031982142E-010
          15           5   1.4528492257418993E-009
          15           6   4.1182609383383009E-011
          15           7   4.8607486091696025E-011
          15           8  -5.2270588031534090E-011
          15           9  0.14102253106128718     
          15          10   1.0576872710999215E-010
          15          11   7.0728284340407599E-012
          15          12   1.6688389666470762     
          15          13   1.0861311849933198E-012
          15          14  -3.0879493406742988E-011
          15          15   12.157365849787412     
          15          16   5.3838933311564140E-011
          15          17   2.8943000773828231E-011
          15          18  -12.976969270519637     
          15          19  -7.7881728843819864E-011
          15          20   2.9962067549238611E-011
          15          21   2.3794364941288371     
          15          22  -2.6197685120244634E-010
          15          23   1.3209044923416189E-012
          15          24  -1.7303957223487058E-010
          15          25   1.0467466407591082E-011
          15          26   2.8486402113657541E-011
          15          27  -1.4255115408463536E-010
          15          28  -1.1751207193510879E-010
          15          29   7.7291247725753110E-011
          15          30  -1.5393856127725624E-010
          15          31   1.9840019229627381E-011
          15          32  -6.9789573715887020E-011
          15          33  -1.5501938680168574E-010
          15          34  -3.5891943337549255E-010
          15          35  -1.0896203254216099E-010
          15          36  -2.7042191089806613E-010
          15          37  -9.6619393596972051E-012
          15          38   4.1104876900555839E-011
          15          39  -1.6527799225723477E-010
          16           1   2.2348594553021199E-010
          16           2   3.7745143584362730E-010
          16           3   2.7225067093278620E-010
          16           4  -6.5215444797494589E-011
          16           5   1.5728699094607605E-009
          16           6   5.7998664391631432E-010
          16           7  -6.7824416676434102E-002
          16           8   1.1322540214437108E-010
          16           9   1.4296382133683368E-010
          16          10  -1.7801892768694967     
          16          11   4.5159154193882599E-012
          16          12   6.0026317250102619E-011
          16          13  -12.976969270608034     
          16          14  -1.4091550148975991E-010
          16          15   5.3838933311564140E-011
          16          16   13.855257294671253     
          16          17  -5.7632232319778929E-012
          16          18  -2.4323654201903455E-011
          16          19  -2.5398337535327125     
          16          20   1.8000451476596297E-010
          16          21  -1.1320651360780045E-010
          16          22  -3.3992305569545211E-010
          16          23   2.4848058456377108E-010
          16          24  -3.6147722153003143E-010
          16          25   7.2407853375319393E-011
          16          26  -4.4555440833456939E-011
          16          27  -3.0105196859715027E-010
          16          28  -3.8670688058558247E-010
          16          29  -5.0315923500168043E-011
          16          30  -3.0112290980677374E-010
          16          31  -1.9496183140969813E-010
          16          32   1.2032144409132830E-010
          16          33  -3.9252012357580922E-010
          16          34  -6.8415449417599910E-010
          16          35  -1.0592652069042722E-010
          16          36  -4.5283108154720032E-010
          16          37   1.3422562600923294E-010
          16          38  -7.0645792604195761E-011
          16          39  -3.6912386842306669E-010
          17           1  -5.5643310646730476E-011
          17           2  -1.4310561095445400E-010
          17           3   3.8041455591558924E-011
          17           4   3.7088824246822693E-010
          17           5  -1.1467584194226861E-009
          17           6  -2.2433222468522239E-010
          17           7   2.1715180001383796E-011
          17           8  -6.7824416657387268E-002
          17           9  -7.0751479328000670E-011
          17          10  -5.2802345829052268E-011
          17          11  -1.7801892770068490     
          17          12   1.4292594885389553E-011
          17          13   3.8779229827310604E-011
          17          14  -12.976969270703078     
          17          15   2.8943000773828231E-011
          17          16  -5.7632232319778929E-012
          17          17   13.855257294943311     
          17          18  -8.7927026770628034E-011
          17          19  -6.8649877449371616E-012
          17          20  -2.5398337537326015     
          17          21   8.1618590358489711E-011
          17          22   2.0865449142731857E-010
          17          23  -1.3972742997759994E-010
          17          24   1.9387375910208652E-010
          17          25   2.2209549577304970E-012
          17          26  -3.4235271030774298E-011
          17          27   1.2874473282616145E-010
          17          28   1.2247066311514149E-010
          17          29  -3.0405533685770366E-011
          17          30   9.6497271695381930E-011
          17          31   4.1679722856138706E-011
          17          32  -1.6076610952357207E-011
          17          33   1.2249661245059338E-010
          17          34   3.9112892659125948E-010
          17          35   8.2026545240634688E-011
          17          36   2.8199701817161106E-010
          17          37  -3.7085792140155310E-011
          17          38   9.4374912180633590E-012
          17          39   2.0503936396018466E-010
          18           1  -3.2601043693530414E-011
          18           2  -1.0792032968784182E-010
          18           3   9.3362169328331023E-011
          18           4   5.0685672133839262E-010
          18           5  -1.5406062393780339E-009
          18           6  -4.3614614546218662E-011
          18           7  -8.0930664947403515E-011
          18           8   6.1955745221665616E-011
          18           9  -6.7824416719943131E-002
          18          10  -1.1085654616494259E-010
          18          11   1.3802334275502948E-011
          18          12  -1.7801892769270906     
          18          13  -3.3246960740033094E-011
          18          14   8.6902915419350535E-011
          18          15  -12.976969270519637     
          18          16  -2.4323654201903455E-011
          18          17  -8.7927026770628034E-011
          18          18   13.855257294676559     
          18          19   7.6445433316862131E-011
          18          20  -2.0658136659634959E-011
          18          21  -2.5398337535685735     
          18          22   2.7823079331775406E-010
          18          23  -1.2344434593150296E-012
          18          24   1.8388331693772288E-010
          18          25  -1.1253746833247695E-011
          18          26  -2.9976799812334572E-011
          18          27   1.5204027953449833E-010
          18          28   1.2480078815370625E-010
          18          29  -8.1950767444957572E-011
          18          30   1.6346765426478794E-010
          18          31  -2.1056841063599502E-011
          18          32   7.3865434006483261E-011
          18          33   1.6460862173093356E-010
          18          34   3.8070482542389095E-010
          18          35   1.1564159590201729E-010
          18          36   2.8670444947586846E-010
          18          37   1.0185539919149895E-011
          18          38  -4.3514927026244665E-011
          18          39   1.7522665004378651E-010
          19           1  -4.2565182957690965E-011
          19           2  -7.0940146153409003E-011
          19           3  -5.1342181589502083E-011
          19           4   1.2373396790159856E-011
          19           5  -2.9441606962205339E-010
          19           6  -1.0875569890352759E-010
          19           7   2.6570503448427738E-002
          19           8  -2.1414898283487243E-011
          19           9  -4.0109354206009383E-011
          19          10  0.39483838014361561     
          19          11   1.2826857631601261E-012
          19          12  -2.5163759964640862E-011
          19          13   2.3794364941127024     
          19          14   3.3880714206402729E-011
          19          15  -7.7881728843819864E-011
          19          16  -2.5398337535327125     
          19          17  -6.8649877449371616E-012
          19          18   7.6445433316862131E-011
          19          19  0.46803767699712179     
          19          20  -3.2497859004526516E-011
          19          21   7.7128529257787452E-012
          19          22   6.2115870917174911E-011
          19          23  -4.9173346708061249E-011
          19          24   6.7169534550824677E-011
          19          25  -1.0746269353884458E-011
          19          26   5.4737180312240695E-012
          19          27   5.8720948909720503E-011
          19          28   7.2951026718393336E-011
          19          29   1.0236295978138916E-011
          19          30   5.6123055850269338E-011
          19          31   3.5558832534277349E-011
          19          32  -2.2650451537118237E-011
          19          33   7.2454968407128582E-011
          19          34   1.2812644312525295E-010
          19          35   1.9671200730763965E-011
          19          36   8.5056601470420933E-011
          19          37  -2.4785413157345712E-011
          19          38   1.3213916347125527E-011
          19          39   6.9454930533387442E-011
          20           1   9.9422134960572370E-012
          20           2   2.6202075271898274E-011
          20           3  -7.0950537969094314E-012
          20           4  -7.0030998848976418E-011
          20           5   2.1395954327759683E-010
          20           6   4.2266399574076201E-011
          20           7  -2.5443057600008791E-011
          20           8   2.6570503477806366E-002
          20           9   2.0669395014993655E-011
          20          10  -3.8097986571061394E-011
          20          11  0.39483838020011902     
          20          12   5.8404149572155102E-013
          20          13  -1.7540113458891465E-010
          20          14   2.3794364942707866     
          20          15   2.9962067549238611E-011
          20          16   1.8000451476596297E-010
          20          17  -2.5398337537326015     
          20          18  -2.0658136659634959E-011
          20          19  -3.2497859004526516E-011
          20          20  0.46803767706257993     
          20          21  -8.8318662279373869E-012
          20          22  -3.8358477221626143E-011
          20          23   2.5275478753340309E-011
          20          24  -3.5842147939314678E-011
          20          25   1.3182078098417378E-013
          20          26   5.2479873975577406E-012
          20          27  -2.4263211262054813E-011
          20          28  -2.2525323894621646E-011
          20          29   5.9448400077086738E-012
          20          30  -1.7627487432855884E-011
          20          31  -8.0478209931122622E-012
          20          32   3.4053204972645034E-012
          20          33  -2.2617312663404853E-011
          20          34  -7.3448874281089555E-011
          20          35  -1.5824439187501314E-011
          20          36  -5.2759102050675811E-011
          20          37   7.0542469160405394E-012
          20          38  -1.9978030210001927E-012
          20          39  -3.8147636530956932E-011
          21           1   6.0372737407059932E-012
          21           2   2.1126211628654292E-011
          21           3  -1.6542691344597780E-011
          21           4  -9.5186680138248485E-011
          21           5   2.9043428379700441E-010
          21           6   8.3569383931046862E-012
          21           7   2.1344588423121272E-011
          21           8  -2.6304655285566860E-011
          21           9   2.6570503466419867E-002
          21          10   4.8054463186453796E-011
          21          11  -2.5620422450245351E-011
          21          12  0.39483838015966355     
          21          13   1.1638393027091408E-010
          21          14  -7.7304867368566018E-011
          21          15   2.3794364941288371     
          21          16  -1.1320651360780045E-010
          21          17   8.1618590358489711E-011
          21          18  -2.5398337535685735     
          21          19   7.7128529257787452E-012
          21          20  -8.8318662279373869E-012
          21          21  0.46803767701030208     
          21          22  -5.3814131105826637E-011
          21          23   1.3869006068109503E-012
          21          24  -3.6233971133051011E-011
          21          25   1.6375909081984831E-012
          21          26   6.6682660769521224E-012
          21          27  -2.7773200145984528E-011
          21          28  -2.3446761264434922E-011
          21          29   1.5434548544536739E-011
          21          30  -3.0658724680748771E-011
          21          31   3.7907506021080602E-012
          21          32  -1.4580050688025497E-011
          21          33  -3.1323535034928328E-011
          21          34  -7.1772238664713707E-011
          21          35  -2.1381449593866680E-011
          21          36  -5.4216500297029252E-011
          21          37  -1.8174383973653078E-012
          21          38   8.4845684399312797E-012
          21          39  -3.2930102376175819E-011
          22           1  -41.592134895213505     
          22           2  -538.38881811141653     
          22           3  -969.76727115883307     
          22           4  -320.48982873857636     
          22           5  -312.58693644749269     
          22           6  -6.2072837973132637     
          22           7   4.2562744128551538E-011
          22           8  -3.3191004925600308E-011
          22           9  -4.5761802213010160E-011
          22          10   3.6524613401487000E-011
          22          11  -3.8130687398481688E-011
          22          12  -9.4974870131047578E-011
          22          13   3.1976529941628188E-010
          22          14  -1.9710028788645908E-010
          22          15  -2.6197685120244634E-010
          22          16  -3.3992305569545211E-010
          22          17   2.0865449142731857E-010
          22          18   2.7823079331775406E-010
          22          19   6.2115870917174911E-011
          22          20  -3.8358477221626143E-011
          22          21  -5.3814131105826637E-011
          22          22   524.66172075055385     
          22          23   2.7468305408007154E-013
          22          24   521.41264371071770     
          22          25   4.1902592506914971E-013
          22          26  -2.5571211814678918E-013
          22          27   521.41264371071759     
          22          28   155.85836583135256     
          22          29  -3.5295030786919313E-013
          22          30   156.65467283503841     
          22          31  -3.4470343246439938E-013
          22          32  -9.9933256114681512E-013
          22          33   156.65467283503946     
          22          34   83.328639384995853     
          22          35   1.5652409923738730E-013
          22          36   82.955073024608822     
          22          37   3.2986634257436975E-013
          22          38   1.0816616699549364E-012
          22          39   82.955073024608495     
          23           1  -2.0362950578713194E-014
          23           2  -6.2782522718988396E-013
          23           3   4.7317585484008937E-013
          23           4   1.9997877129781531E-013
          23           5  -2.0948868703536061E-012
          23           6  -2.2010075176710559E-014
          23           7  -4.8347730739566270E-011
          23           8   1.8080307573602954E-011
          23           9   4.3348851519496513E-012
          23          10  -1.2647680498272955E-010
          23          11   5.0564029237124710E-012
          23          12   3.2528221154185177E-011
          23          13  -2.3469789250211008E-010
          23          14   1.3152770003485964E-010
          23          15   1.3209044923416189E-012
          23          16   2.4848058456377108E-010
          23          17  -1.3972742997759994E-010
          23          18  -1.2344434593150296E-012
          23          19  -4.9173346708061249E-011
          23          20   2.5275478753340309E-011
          23          21   1.3869006068109503E-012
          23          22   2.7468305408007154E-013
          23          23   2.1660513598903042     
          23          24   2.1352364321103323E-013
          23          25   3.2474023470285829E-015
          23          26  -7.7889084071358639E-015
          23          27   2.7622348852673895E-013
          23          28   5.4744056510180883E-013
          23          29 -0.53087133579043311     
          23          30   2.8908819782458295E-013
          23          31  -6.4497018836817688E-015
          23          32   3.3349191463916128E-014
          23          33   4.3917647296609630E-013
          23          34   4.1915429460637199E-013
          23          35  0.24904424025757596     
          23          36   3.1499455821482059E-013
          23          37  -2.3807344984305701E-014
          23          38  -1.4820610017007851E-014
          23          39   3.9805658769154206E-013
          24           1  -41.592134895213320     
          24           2  -538.38881811141596     
          24           3  -969.76727115883284     
          24           4  -320.48982873857631     
          24           5  -312.58693644749150     
          24           6  -6.2072837973130781     
          24           7   5.1981752717064780E-011
          24           8  -3.0600565983056795E-011
          24           9  -3.1740364203416167E-011
          24          10   7.1812428804369764E-011
          24          11  -3.8431020341397922E-011
          24          12  -7.7417548538679488E-011
          24          13   3.4060350345485468E-010
          24          14  -1.8306480888777885E-010
          24          15  -1.7303957223487058E-010
          24          16  -3.6147722153003143E-010
          24          17   1.9387375910208652E-010
          24          18   1.8388331693772288E-010
          24          19   6.7169534550824677E-011
          24          20  -3.5842147939314678E-011
          24          21  -3.6233971133051011E-011
          24          22   521.41264371071770     
          24          23   2.1352364321103323E-013
          24          24   524.66172075055283     
          24          25   3.7286840282035882E-013
          24          26  -2.4023838474107606E-013
          24          27   521.41264371071713     
          24          28   156.65467283503796     
          24          29  -3.5081659799374165E-013
          24          30   155.85836583135264     
          24          31  -5.2808452055685962E-013
          24          32  -9.5311258885288908E-013
          24          33   156.65467283503901     
          24          34   82.955073024609092     
          24          35   1.9707152576486919E-013
          24          36   83.328639384994830     
          24          37   4.7902307120928356E-013
          24          38   9.0653179407595985E-013
          24          39   82.955073024608197     
          25           1   4.5965751137758692E-014
          25           2  -6.5054607026459289E-013
          25           3  -4.3597956479839270E-013
          25           4  -2.8611782090253605E-013
          25           5  -7.4027044733374464E-013
          25           6   4.3542240216434103E-014
          25           7   1.3488707295583433E-011
          25           8   3.4474893608081482E-012
          25           9   2.5948378953148170E-012
          25          10   6.2600930764356700E-011
          25          11   1.4502305764631274E-011
          25          12  -1.0606862088472299E-011
          25          13  -6.7727691483808156E-011
          25          14  -1.9972548864295836E-012
          25          15   1.0467466407591082E-011
          25          16   7.2407853375319393E-011
          25          17   2.2209549577304970E-012
          25          18  -1.1253746833247695E-011
          25          19  -1.0746269353884458E-011
          25          20   1.3182078098417378E-013
          25          21   1.6375909081984831E-012
          25          22   4.1902592506914971E-013
          25          23   3.2474023470285829E-015
          25          24   3.7286840282035882E-013
          25          25   2.1660513598903051     
          25          26   9.9607821990588263E-015
          25          27   4.1194825328716433E-013
          25          28   3.9807740437325378E-013
          25          29  -1.8648277366750676E-014
          25          30   1.0028783359317117E-013
          25          31 -0.53087133579040069     
          25          32  -4.3184206210966636E-014
          25          33   2.7892965714926277E-013
          25          34   1.9327248135247999E-013
          25          35  -1.7624790515924360E-014
          25          36   4.6154052801838930E-014
          25          37  0.24904424025757099     
          25          38   4.1449916415858823E-014
          25          39   1.7479073743942308E-013
          26           1   4.2519538566803565E-014
          26           2   4.2812431538324871E-013
          26           3  -3.0819679829285782E-014
          26           4  -2.1574628196725401E-013
          26           5   1.0538970452116113E-012
          26           6  -1.4065518257042211E-013
          26           7  -9.5673345392680489E-012
          26           8  -1.4330456616468565E-012
          26           9   9.0699286942999000E-012
          26          10  -6.9373413932874340E-011
          26          11  -2.4744984898768117E-011
          26          12   3.3492216685874161E-011
          26          13   4.1497041629142106E-011
          26          14   3.2027328056662389E-011
          26          15   2.8486402113657541E-011
          26          16  -4.4555440833456939E-011
          26          17  -3.4235271030774298E-011
          26          18  -2.9976799812334572E-011
          26          19   5.4737180312240695E-012
          26          20   5.2479873975577406E-012
          26          21   6.6682660769521224E-012
          26          22  -2.5571211814678918E-013
          26          23  -7.7889084071358639E-015
          26          24  -2.4023838474107606E-013
          26          25   9.9607821990588263E-015
          26          26   2.1660513598902789     
          26          27  -2.3402113580317518E-013
          26          28  -6.7107777668162782E-014
          26          29   3.3403835253409397E-014
          26          30  -1.5108747586367599E-013
          26          31  -8.0577038097384701E-014
          26          32 -0.53087133579024126     
          26          33  -1.9196103040464152E-013
          26          34  -1.9848098858910035E-013
          26          35   2.1354879670143490E-014
          26          36  -1.5314832735313644E-013
          26          37  -3.5948024071363882E-014
          26          38  0.24904424025746094     
          26          39  -1.1023994217485011E-013
          27           1  -41.592134895213164     
          27           2  -538.38881811141584     
          27           3  -969.76727115883330     
          27           4  -320.48982873857636     
          27           5  -312.58693644748973     
          27           6  -6.2072837973131749     
          27           7   5.5608429986289049E-011
          27           8  -2.4627687383747425E-011
          27           9  -1.5574905557398562E-011
          27          10   1.3391870688500506E-010
          27          11  -4.3787005290951540E-011
          27          12   1.3272638843836402E-013
          27          13   2.8380763590634706E-010
          27          14  -1.2192639120283857E-010
          27          15  -1.4255115408463536E-010
          27          16  -3.0105196859715027E-010
          27          17   1.2874473282616145E-010
          27          18   1.5204027953449833E-010
          27          19   5.8720948909720503E-011
          27          20  -2.4263211262054813E-011
          27          21  -2.7773200145984528E-011
          27          22   521.41264371071759     
          27          23   2.7622348852673895E-013
          27          24   521.41264371071713     
          27          25   4.1194825328716433E-013
          27          26  -2.3402113580317518E-013
          27          27   524.66172075055260     
          27          28   156.65467283503736     
          27          29  -3.6612379794576100E-013
          27          30   156.65467283503773     
          27          31  -2.5557334026871104E-013
          27          32  -9.9709823730975700E-013
          27          33   155.85836583135298     
          27          34   82.955073024609078     
          27          35   2.4612950566549330E-013
          27          36   82.955073024608126     
          27          37   3.3118646713958810E-013
          27          38   9.3750528173952574E-013
          27          39   83.328639384994332     
          28           1  -7.6184263328189878     
          28           2  -129.19784912187126     
          28           3  -178.07718302070685     
          28           4   82.190916377994910     
          28           5  -445.94759029314071     
          28           6  -19.171323667794084     
          28           7   6.1404812396375270E-011
          28           8  -2.0040248329899158E-011
          28           9  -1.7322751529853653E-011
          28          10   1.0283947196602298E-010
          28          11  -2.7742056283860211E-011
          28          12  -2.8510244348713871E-011
          28          13   3.6403028652987562E-010
          28          14  -1.1532271039549535E-010
          28          15  -1.1751207193510879E-010
          28          16  -3.8670688058558247E-010
          28          17   1.2247066311514149E-010
          28          18   1.2480078815370625E-010
          28          19   7.2951026718393336E-011
          28          20  -2.2525323894621646E-011
          28          21  -2.3446761264434922E-011
          28          22   155.85836583135256     
          28          23   5.4744056510180883E-013
          28          24   156.65467283503796     
          28          25   3.9807740437325378E-013
          28          26  -6.7107777668162782E-014
          28          27   156.65467283503736     
          28          28   72.993030199705956     
          28          29  -3.9267287338384804E-013
          28          30   72.797865592543999     
          28          31  -2.5941922221495162E-013
          28          32  -3.6414708054488543E-013
          28          33   72.797865592544312     
          28          34   83.901607319277375     
          28          35   2.2768809407325286E-013
          28          36   83.993163630645043     
          28          37   2.5475194870283602E-013
          28          38   3.2079503983761803E-013
          28          39   83.993163630644943     
          29           1  -1.3978655827217315E-013
          29           2   5.2375055821400171E-013
          29           3  -1.4373091478385333E-013
          29           4  -4.3191215291559952E-013
          29           5   2.1468586022492309E-012
          29           6   6.1488987586566637E-014
          29           7   1.0181391536296095E-011
          29           8   4.6233715048099716E-012
          29           9   1.3816425179053590E-011
          29          10   3.3597768658589781E-011
          29          11   1.3641729133490985E-011
          29          12   1.9855369764419145E-011
          29          13   4.7549263165956918E-011
          29          14   2.8661404062040152E-011
          29          15   7.7291247725753110E-011
          29          16  -5.0315923500168043E-011
          29          17  -3.0405533685770366E-011
          29          18  -8.1950767444957572E-011
          29          19   1.0236295978138916E-011
          29          20   5.9448400077086738E-012
          29          21   1.5434548544536739E-011
          29          22  -3.5295030786919313E-013
          29          23 -0.53087133579043311     
          29          24  -3.5081659799374165E-013
          29          25  -1.8648277366750676E-014
          29          26   3.3403835253409397E-014
          29          27  -3.6612379794576100E-013
          29          28  -3.9267287338384804E-013
          29          29  0.13010973810805268     
          29          30  -3.2620954548701064E-013
          29          31   5.9501015226004483E-015
          29          32  -1.5887464954733588E-014
          29          33  -3.6300476513595470E-013
          29          34  -3.9094031831221621E-013
          29          35  -6.1037540911840833E-002
          29          36  -3.6688620891345280E-013
          29          37   3.7801792945879598E-015
          29          38   7.2495178263243254E-015
          29          39  -3.8723364792492276E-013
          30           1  -7.6184263328190545     
          30           2  -129.19784912187191     
          30           3  -178.07718302070754     
          30           4   82.190916377993872     
          30           5  -445.94759029313980     
          30           6  -19.171323667794038     
          30           7   3.9558585022343054E-011
          30           8  -1.6983903669548335E-011
          30           9  -2.2637088728334721E-011
          30          10   6.2556370428264374E-011
          30          11  -2.2003987413332422E-011
          30          12  -3.6007356258330327E-011
          30          13   2.8295191481809920E-010
          30          14  -9.0903606107678163E-011
          30          15  -1.5393856127725624E-010
          30          16  -3.0112290980677374E-010
          30          17   9.6497271695381930E-011
          30          18   1.6346765426478794E-010
          30          19   5.6123055850269338E-011
          30          20  -1.7627487432855884E-011
          30          21  -3.0658724680748771E-011
          30          22   156.65467283503841     
          30          23   2.8908819782458295E-013
          30          24   155.85836583135264     
          30          25   1.0028783359317117E-013
          30          26  -1.5108747586367599E-013
          30          27   156.65467283503773     
          30          28   72.797865592543999     
          30          29  -3.2620954548701064E-013
          30          30   72.993030199706141     
          30          31  -1.3869634607477366E-013
          30          32  -3.5582561203062468E-013
          30          33   72.797865592544440     
          30          34   83.993163630645029     
          30          35   1.8632404646945488E-013
          30          36   83.901607319277218     
          30          37   1.8265076950907400E-013
          30          38   3.5450158433758538E-013
          30          39   83.993163630644844     
          31           1   9.4766819146141312E-014
          31           2   4.8139888516726496E-013
          31           3   4.0691668545586223E-013
          31           4   9.6721906584275586E-014
          31           5   8.2789609964991429E-013
          31           6   5.2259972251636459E-015
          31           7   2.4859935468584614E-011
          31           8  -6.9602958417208613E-012
          31           9   2.1743334956809916E-012
          31          10   1.4550603297188224E-011
          31          11  -1.5764555872715356E-011
          31          12   5.5511518267635129E-014
          31          13   1.8364646700916533E-010
          31          14  -3.9292740945804225E-011
          31          15   1.9840019229627381E-011
          31          16  -1.9496183140969813E-010
          31          17   4.1679722856138706E-011
          31          18  -2.1056841063599502E-011
          31          19   3.5558832534277349E-011
          31          20  -8.0478209931122622E-012
          31          21   3.7907506021080602E-012
          31          22  -3.4470343246439938E-013
          31          23  -6.4497018836817688E-015
          31          24  -5.2808452055685962E-013
          31          25 -0.53087133579040069     
          31          26  -8.0577038097384701E-014
          31          27  -2.5557334026871104E-013
          31          28  -2.5941922221495162E-013
          31          29   5.9501015226004483E-015
          31          30  -1.3869634607477366E-013
          31          31  0.13010973810803672     
          31          32   2.9734244580414959E-014
          31          33  -2.5161817074348392E-013
          31          34  -1.6664317495362901E-013
          31          35   3.6732769603808890E-015
          31          36  -1.5297745709075272E-013
          31          37  -6.1037540911835865E-002
          31          38  -1.9142023036100575E-014
          31          39  -1.5206846198934088E-013
          32           1   1.6038726399974342E-013
          32           2   1.1006895858171511E-012
          32           3   1.7749066767616688E-012
          32           4   7.6532321338597531E-013
          32           5   5.5693600872070465E-013
          32           6   3.7478352720562283E-014
          32           7  -1.9060287601118614E-011
          32           8   6.1518097299166885E-012
          32           9  -1.5188634727375495E-011
          32          10  -2.9216161044591508E-011
          32          11   1.4035200137871077E-011
          32          12  -3.6013956924694734E-011
          32          13  -1.1347267963889908E-010
          32          14   1.5291145016923936E-011
          32          15  -6.9789573715887020E-011
          32          16   1.2032144409132830E-010
          32          17  -1.6076610952357207E-011
          32          18   7.3865434006483261E-011
          32          19  -2.2650451537118237E-011
          32          20   3.4053204972645034E-012
          32          21  -1.4580050688025497E-011
          32          22  -9.9933256114681512E-013
          32          23   3.3349191463916128E-014
          32          24  -9.5311258885288908E-013
          32          25  -4.3184206210966636E-014
          32          26 -0.53087133579024126     
          32          27  -9.9709823730975700E-013
          32          28  -3.6414708054488543E-013
          32          29  -1.5887464954733588E-014
          32          30  -3.5582561203062468E-013
          32          31   2.9734244580414959E-014
          32          32  0.13010973810796017     
          32          33  -3.3540271254794973E-013
          32          34  -1.4926731725650733E-013
          32          35  -1.6231590724280487E-015
          32          36  -1.5462544439293069E-013
          32          37   4.1297260749972864E-015
          32          38  -6.1037540911791296E-002
          32          39  -1.7002328364656982E-013
          33           1  -7.6184263328194426     
          33           2  -129.19784912187262     
          33           3  -178.07718302070907     
          33           4   82.190916377993588     
          33           5  -445.94759029314076     
          33           6  -19.171323667794045     
          33           7   5.1926501501883111E-011
          33           8  -2.0734459021433146E-011
          33           9  -2.2784516364322098E-011
          33          10   6.0958938952566675E-011
          33          11  -3.0594773416771032E-011
          33          12  -4.9491799090789838E-011
          33          13   3.6910779629283618E-010
          33          14  -1.1538237380144854E-010
          33          15  -1.5501938680168574E-010
          33          16  -3.9252012357580922E-010
          33          17   1.2249661245059338E-010
          33          18   1.6460862173093356E-010
          33          19   7.2454968407128582E-011
          33          20  -2.2617312663404853E-011
          33          21  -3.1323535034928328E-011
          33          22   156.65467283503946     
          33          23   4.3917647296609630E-013
          33          24   156.65467283503901     
          33          25   2.7892965714926277E-013
          33          26  -1.9196103040464152E-013
          33          27   155.85836583135298     
          33          28   72.797865592544312     
          33          29  -3.6300476513595470E-013
          33          30   72.797865592544440     
          33          31  -2.5161817074348392E-013
          33          32  -3.3540271254794973E-013
          33          33   72.993030199706809     
          33          34   83.993163630645171     
          33          35   1.9332452305675929E-013
          33          36   83.993163630645171     
          33          37   2.4052808356156419E-013
          33          38   3.4238497453875638E-013
          33          39   83.901607319277275     
          34           1   4.5871513817625615     
          34           2  -11.779874204936725     
          34           3   101.12600852602790     
          34           4   356.40632940117155     
          34           5  -853.67194332324095     
          34           6  -40.597078328950865     
          34           7   9.9439751313194891E-011
          34           8  -6.4177858500766247E-011
          34           9  -5.9137729381411071E-011
          34          10   1.5021875816968927E-010
          34          11  -9.8960829486418215E-011
          34          12  -9.7440318074827861E-011
          34          13   6.4417261616788300E-010
          34          14  -3.6865543070406290E-010
          34          15  -3.5891943337549255E-010
          34          16  -6.8415449417599910E-010
          34          17   3.9112892659125948E-010
          34          18   3.8070482542389095E-010
          34          19   1.2812644312525295E-010
          34          20  -7.3448874281089555E-011
          34          21  -7.1772238664713707E-011
          34          22   83.328639384995853     
          34          23   4.1915429460637199E-013
          34          24   82.955073024609092     
          34          25   1.9327248135247999E-013
          34          26  -1.9848098858910035E-013
          34          27   82.955073024609078     
          34          28   83.901607319277375     
          34          29  -3.9094031831221621E-013
          34          30   83.993163630645029     
          34          31  -1.6664317495362901E-013
          34          32  -1.4926731725650733E-013
          34          33   83.993163630645171     
          34          34   148.07842595663880     
          34          35   2.0067107697752107E-013
          34          36   148.03547473575361     
          34          37   1.4737473394421663E-013
          34          38   1.0336284779477456E-013
          34          39   148.03547473575341     
          35           1   2.0749106557003931E-013
          35           2  -3.4219902140051638E-013
          35           3   6.8384165885814242E-014
          35           4   1.8960893810353259E-013
          35           5  -1.1297570026436483E-012
          35           6  -2.9437333382820016E-014
          35           7   1.6048615786097735E-011
          35           8  -1.4218278931802959E-011
          35           9  -1.7209126124033165E-011
          35          10   1.7895663363212327E-011
          35          11  -3.0535314997460758E-011
          35          12  -1.6789117844140143E-011
          35          13   9.9810812820142707E-011
          35          14  -7.7380025903578617E-011
          35          15  -1.0896203254216099E-010
          35          16  -1.0592652069042722E-010
          35          17   8.2026545240634688E-011
          35          18   1.1564159590201729E-010
          35          19   1.9671200730763965E-011
          35          20  -1.5824439187501314E-011
          35          21  -2.1381449593866680E-011
          35          22   1.5652409923738730E-013
          35          23  0.24904424025757596     
          35          24   1.9707152576486919E-013
          35          25  -1.7624790515924360E-014
          35          26   2.1354879670143490E-014
          35          27   2.4612950566549330E-013
          35          28   2.2768809407325286E-013
          35          29  -6.1037540911840833E-002
          35          30   1.8632404646945488E-013
          35          31   3.6732769603808890E-015
          35          32  -1.6231590724280487E-015
          35          33   1.9332452305675929E-013
          35          34   2.0067107697752107E-013
          35          35   2.8634147257068858E-002
          35          36   1.9416499658087005E-013
          35          37  -4.8084366349732122E-015
          35          38   8.5475788773325956E-016
          35          39   2.0852503751500606E-013
          36           1   4.5871513817631913     
          36           2  -11.779874204935568     
          36           3   101.12600852603022     
          36           4   356.40632940117388     
          36           5  -853.67194332324402     
          36           6  -40.597078328951021     
          36           7   6.3845828045653804E-011
          36           8  -4.5452535706908427E-011
          36           9  -4.7197643112236162E-011
          36          10   1.0855180821420258E-010
          36          11  -6.8341084920461524E-011
          36          12  -7.8312056388296386E-011
          36          13   4.2619573166388413E-010
          36          14  -2.6571099996963577E-010
          36          15  -2.7042191089806613E-010
          36          16  -4.5283108154720032E-010
          36          17   2.8199701817161106E-010
          36          18   2.8670444947586846E-010
          36          19   8.5056601470420933E-011
          36          20  -5.2759102050675811E-011
          36          21  -5.4216500297029252E-011
          36          22   82.955073024608822     
          36          23   3.1499455821482059E-013
          36          24   83.328639384994830     
          36          25   4.6154052801838930E-014
          36          26  -1.5314832735313644E-013
          36          27   82.955073024608126     
          36          28   83.993163630645043     
          36          29  -3.6688620891345280E-013
          36          30   83.901607319277218     
          36          31  -1.5297745709075272E-013
          36          32  -1.5462544439293069E-013
          36          33   83.993163630645171     
          36          34   148.03547473575361     
          36          35   1.9416499658087005E-013
          36          36   148.07842595663965     
          36          37   1.4821911059614834E-013
          36          38   8.8232589637304848E-014
          36          39   148.03547473575384     
          37           1  -9.0346560757325681E-014
          37           2  -5.3181802677425134E-013
          37           3  -4.0684818136633226E-013
          37           4  -1.7032710325844698E-013
          37           5  -7.6377131236937719E-013
          37           6  -3.1458728392511204E-015
          37           7  -2.2358365152640450E-011
          37           8   5.5578001402069906E-012
          37           9  -2.7577960780916788E-012
          37          10  -1.7847579981861613E-011
          37          11   1.1077239078152347E-011
          37          12   7.9508806371509711E-013
          37          13  -1.2661797805560549E-010
          37          14   3.4941396841074548E-011
          37          15  -9.6619393596972051E-012
          37          16   1.3422562600923294E-010
          37          17  -3.7085792140155310E-011
          37          18   1.0185539919149895E-011
          37          19  -2.4785413157345712E-011
          37          20   7.0542469160405394E-012
          37          21  -1.8174383973653078E-012
          37          22   3.2986634257436975E-013
          37          23  -2.3807344984305701E-014
          37          24   4.7902307120928356E-013
          37          25  0.24904424025757099     
          37          26  -3.5948024071363882E-014
          37          27   3.3118646713958810E-013
          37          28   2.5475194870283602E-013
          37          29   3.7801792945879598E-015
          37          30   1.8265076950907400E-013
          37          31  -6.1037540911835865E-002
          37          32   4.1297260749972864E-015
          37          33   2.4052808356156419E-013
          37          34   1.4737473394421663E-013
          37          35  -4.8084366349732122E-015
          37          36   1.4821911059614834E-013
          37          37   2.8634147257067703E-002
          37          38   5.0035930260206030E-016
          37          39   1.4549429369625777E-013
          38           1  -1.8641913658549886E-013
          38           2  -1.1938396370606408E-012
          38           3  -1.8134016767213139E-012
          38           4  -9.8120415376749858E-013
          38           5  -2.2262797108538080E-013
          38           6   7.9336350394646721E-015
          38           7   1.2271263052881505E-011
          38           8  -2.5503678682828533E-012
          38           9   8.8085731794286952E-012
          38          10   1.4418633937818974E-011
          38          11  -8.4352655016622413E-012
          38          12   1.8277108770640218E-011
          38          13   6.6658399111296588E-011
          38          14  -8.9367419824446296E-012
          38          15   4.1104876900555839E-011
          38          16  -7.0645792604195761E-011
          38          17   9.4374912180633590E-012
          38          18  -4.3514927026244665E-011
          38          19   1.3213916347125527E-011
          38          20  -1.9978030210001927E-012
          38          21   8.4845684399312797E-012
          38          22   1.0816616699549364E-012
          38          23  -1.4820610017007851E-014
          38          24   9.0653179407595985E-013
          38          25   4.1449916415858823E-014
          38          26  0.24904424025746094     
          38          27   9.3750528173952574E-013
          38          28   3.2079503983761803E-013
          38          29   7.2495178263243254E-015
          38          30   3.5450158433758538E-013
          38          31  -1.9142023036100575E-014
          38          32  -6.1037540911791296E-002
          38          33   3.4238497453875638E-013
          38          34   1.0336284779477456E-013
          38          35   8.5475788773325956E-016
          38          36   8.8232589637304848E-014
          38          37   5.0035930260206030E-016
          38          38   2.8634147257042740E-002
          38          39   9.6645131134054374E-014
          39           1   4.5871513817629692     
          39           2  -11.779874204935544     
          39           3   101.12600852603043     
          39           4   356.40632940117331     
          39           5  -853.67194332324277     
          39           6  -40.597078328950957     
          39           7   5.4273621791313215E-011
          39           8  -3.3348559426446840E-011
          39           9  -2.8160326179745850E-011
          39          10   9.1552465679508301E-011
          39          11  -4.6455491370814634E-011
          39          12  -4.3007281479585699E-011
          39          13   3.4738705462546662E-010
          39          14  -1.9317501041924114E-010
          39          15  -1.6527799225723477E-010
          39          16  -3.6912386842306669E-010
          39          17   2.0503936396018466E-010
          39          18   1.7522665004378651E-010
          39          19   6.9454930533387442E-011
          39          20  -3.8147636530956932E-011
          39          21  -3.2930102376175819E-011
          39          22   82.955073024608495     
          39          23   3.9805658769154206E-013
          39          24   82.955073024608197     
          39          25   1.7479073743942308E-013
          39          26  -1.1023994217485011E-013
          39          27   83.328639384994332     
          39          28   83.993163630644943     
          39          29  -3.8723364792492276E-013
          39          30   83.993163630644844     
          39          31  -1.5206846198934088E-013
          39          32  -1.7002328364656982E-013
          39          33   83.901607319277275     
          39          34   148.03547473575341     
          39          35   2.0852503751500606E-013
          39          36   148.03547473575384     
          39          37   1.4549429369625777E-013
          39          38   9.6645131134054374E-014
          39          39   148.07842595663928     
